Frequent 0-itemsets:
itemset (occurrence)
{} (3196)
Frequent 1-itemsets:
itemset (occurrence)
5 (2971)
48 (3013)
56 (3021)
66 (3021)
34 (3040)
62 (3060)
7 (3076)
36 (3099)
60 (3149)
40 (3170)
29 (3181)
52 (3185)
58 (3195)
Frequent 2-itemsets:
itemset (occurrence)
5 34 (2889)
5 60 (2924)
5 40 (2950)
5 29 (2964)
5 52 (2960)
5 58 (2970)
48 62 (2877)
48 7 (2893)
48 36 (2987)
48 60 (2986)
48 40 (2987)
48 29 (2998)
48 52 (3002)
48 58 (3012)
56 34 (2884)
56 62 (2923)
56 7 (2919)
56 36 (2924)
56 60 (2974)
56 40 (2996)
56 29 (3006)
56 52 (3016)
56 58 (3020)
66 34 (2886)
66 62 (2892)
66 7 (2906)
66 36 (2924)
66 60 (3021)
66 40 (2997)
66 29 (3013)
66 52 (3010)
66 58 (3020)
34 62 (2913)
34 7 (2930)
34 36 (2943)
34 60 (2995)
34 40 (3017)
34 29 (3036)
34 52 (3031)
34 58 (3039)
62 7 (2940)
62 36 (2963)
62 60 (3014)
62 40 (3045)
62 29 (3045)
62 52 (3049)
62 58 (3060)
7 36 (2979)
7 60 (3031)
7 40 (3050)
7 29 (3069)
7 52 (3065)
7 58 (3075)
36 60 (3052)
36 40 (3073)
36 29 (3084)
36 52 (3088)
36 58 (3098)
60 40 (3124)
60 29 (3136)
60 52 (3138)
60 58 (3148)
40 29 (3155)
40 52 (3159)
40 58 (3169)
29 52 (3170)
29 58 (3180)
52 58 (3184)
Frequent 3-itemsets:
itemset (occurrence)
5 34 29 (2885)
5 34 52 (2880)
5 34 58 (2888)
5 60 40 (2904)
5 60 29 (2919)
5 60 52 (2913)
5 60 58 (2923)
5 40 29 (2943)
5 40 52 (2939)
5 40 58 (2949)
5 29 52 (2953)
5 29 58 (2963)
5 52 58 (2959)
48 62 58 (2877)
48 7 29 (2886)
48 7 52 (2882)
48 7 58 (2892)
48 36 60 (2960)
48 36 40 (2961)
48 36 29 (2972)
48 36 52 (2976)
48 36 58 (2986)
48 60 40 (2961)
48 60 29 (2973)
48 60 52 (2975)
48 60 58 (2985)
48 40 29 (2972)
48 40 52 (2976)
48 40 58 (2986)
48 29 52 (2987)
48 29 58 (2997)
48 52 58 (3001)
56 34 29 (2880)
56 34 52 (2879)
56 34 58 (2883)
56 62 60 (2877)
56 62 40 (2909)
56 62 29 (2908)
56 62 52 (2918)
56 62 58 (2923)
56 7 40 (2894)
56 7 29 (2912)
56 7 52 (2914)
56 7 58 (2918)
56 36 60 (2877)
56 36 40 (2899)
56 36 29 (2909)
56 36 52 (2919)
56 36 58 (2923)
56 60 40 (2950)
56 60 29 (2961)
56 60 52 (2969)
56 60 58 (2973)
56 40 29 (2981)
56 40 52 (2991)
56 40 58 (2995)
56 29 52 (3001)
56 29 58 (3005)
56 52 58 (3015)
66 34 60 (2886)
66 34 29 (2882)
66 34 52 (2877)
66 34 58 (2885)
66 62 60 (2892)
66 62 40 (2877)
66 62 29 (2884)
66 62 52 (2881)
66 62 58 (2892)
66 7 60 (2906)
66 7 40 (2882)
66 7 29 (2902)
66 7 52 (2895)
66 7 58 (2905)
66 36 60 (2924)
66 36 40 (2900)
66 36 29 (2916)
66 36 52 (2913)
66 36 58 (2923)
66 60 40 (2997)
66 60 29 (3013)
66 60 52 (3010)
66 60 58 (3020)
66 40 29 (2989)
66 40 52 (2986)
66 40 58 (2996)
66 29 52 (3002)
66 29 58 (3012)
66 52 58 (3009)
34 62 40 (2901)
34 62 29 (2909)
34 62 52 (2904)
34 62 58 (2913)
34 7 60 (2885)
34 7 40 (2907)
34 7 29 (2928)
34 7 52 (2921)
34 7 58 (2929)
34 36 60 (2898)
34 36 40 (2920)
34 36 29 (2939)
34 36 52 (2934)
34 36 58 (2942)
34 60 40 (2973)
34 60 29 (2991)
34 60 52 (2986)
34 60 58 (2994)
34 40 29 (3013)
34 40 52 (3008)
34 40 58 (3016)
34 29 52 (3027)
34 29 58 (3035)
34 52 58 (3030)
62 7 60 (2896)
62 7 40 (2925)
62 7 29 (2933)
62 7 52 (2929)
62 7 58 (2940)
62 36 60 (2917)
62 36 40 (2948)
62 36 29 (2948)
62 36 52 (2952)
62 36 58 (2963)
62 60 40 (2999)
62 60 29 (3001)
62 60 52 (3003)
62 60 58 (3014)
62 40 29 (3030)
62 40 52 (3034)
62 40 58 (3045)
62 29 52 (3034)
62 29 58 (3045)
62 52 58 (3049)
7 36 60 (2934)
7 36 40 (2953)
7 36 29 (2972)
7 36 52 (2968)
7 36 58 (2978)
7 60 40 (3006)
7 60 29 (3024)
7 60 52 (3020)
7 60 58 (3030)
7 40 29 (3043)
7 40 52 (3039)
7 40 58 (3049)
7 29 52 (3058)
7 29 58 (3068)
7 52 58 (3064)
36 60 40 (3027)
36 60 29 (3039)
36 60 52 (3041)
36 60 58 (3051)
36 40 29 (3058)
36 40 52 (3062)
36 40 58 (3072)
36 29 52 (3073)
36 29 58 (3083)
36 52 58 (3087)
60 40 29 (3111)
60 40 52 (3113)
60 40 58 (3123)
60 29 52 (3125)
60 29 58 (3135)
60 52 58 (3137)
40 29 52 (3144)
40 29 58 (3154)
40 52 58 (3158)
29 52 58 (3169)
Frequent 4-itemsets:
itemset (occurrence)
5 34 29 58 (2884)
5 34 52 58 (2879)
5 60 40 29 (2899)
5 60 40 52 (2893)
5 60 40 58 (2903)
5 60 29 52 (2908)
5 60 29 58 (2918)
5 60 52 58 (2912)
5 40 29 52 (2932)
5 40 29 58 (2942)
5 40 52 58 (2938)
5 29 52 58 (2952)
48 7 29 58 (2885)
48 7 52 58 (2881)
48 36 60 40 (2935)
48 36 60 29 (2947)
48 36 60 52 (2949)
48 36 60 58 (2959)
48 36 40 29 (2946)
48 36 40 52 (2950)
48 36 40 58 (2960)
48 36 29 52 (2961)
48 36 29 58 (2971)
48 36 52 58 (2975)
48 60 40 29 (2948)
48 60 40 52 (2950)
48 60 40 58 (2960)
48 60 29 52 (2962)
48 60 29 58 (2972)
48 60 52 58 (2974)
48 40 29 52 (2961)
48 40 29 58 (2971)
48 40 52 58 (2975)
48 29 52 58 (2986)
56 34 29 58 (2879)
56 34 52 58 (2878)
56 62 60 58 (2877)
56 62 40 29 (2894)
56 62 40 52 (2904)
56 62 40 58 (2909)
56 62 29 52 (2903)
56 62 29 58 (2908)
56 62 52 58 (2918)
56 7 40 29 (2887)
56 7 40 52 (2889)
56 7 40 58 (2893)
56 7 29 52 (2907)
56 7 29 58 (2911)
56 7 52 58 (2913)
56 36 40 29 (2884)
56 36 40 52 (2894)
56 36 40 58 (2898)
56 36 29 52 (2904)
56 36 29 58 (2908)
56 36 52 58 (2918)
56 60 40 29 (2937)
56 60 40 52 (2945)
56 60 40 58 (2949)
56 60 29 52 (2956)
56 60 29 58 (2960)
56 60 52 58 (2968)
56 40 29 52 (2976)
56 40 29 58 (2980)
56 40 52 58 (2990)
56 29 52 58 (3000)
66 34 60 29 (2882)
66 34 60 52 (2877)
66 34 60 58 (2885)
66 34 29 58 (2881)
66 62 60 40 (2877)
66 62 60 29 (2884)
66 62 60 52 (2881)
66 62 60 58 (2892)
66 62 40 58 (2877)
66 62 29 58 (2884)
66 62 52 58 (2881)
66 7 60 40 (2882)
66 7 60 29 (2902)
66 7 60 52 (2895)
66 7 60 58 (2905)
66 7 40 29 (2878)
66 7 40 58 (2881)
66 7 29 52 (2891)
66 7 29 58 (2901)
66 7 52 58 (2894)
66 36 60 40 (2900)
66 36 60 29 (2916)
66 36 60 52 (2913)
66 36 60 58 (2923)
66 36 40 29 (2892)
66 36 40 52 (2889)
66 36 40 58 (2899)
66 36 29 52 (2905)
66 36 29 58 (2915)
66 36 52 58 (2912)
66 60 40 29 (2989)
66 60 40 52 (2986)
66 60 40 58 (2996)
66 60 29 52 (3002)
66 60 29 58 (3012)
66 60 52 58 (3009)
66 40 29 52 (2978)
66 40 29 58 (2988)
66 40 52 58 (2985)
66 29 52 58 (3001)
34 62 40 29 (2897)
34 62 40 52 (2892)
34 62 40 58 (2901)
34 62 29 52 (2900)
34 62 29 58 (2909)
34 62 52 58 (2904)
34 7 60 29 (2883)
34 7 60 58 (2884)
34 7 40 29 (2905)
34 7 40 52 (2898)
34 7 40 58 (2906)
34 7 29 52 (2919)
34 7 29 58 (2927)
34 7 52 58 (2920)
34 36 60 29 (2894)
34 36 60 52 (2889)
34 36 60 58 (2897)
34 36 40 29 (2916)
34 36 40 52 (2911)
34 36 40 58 (2919)
34 36 29 52 (2930)
34 36 29 58 (2938)
34 36 52 58 (2933)
34 60 40 29 (2969)
34 60 40 52 (2964)
34 60 40 58 (2972)
34 60 29 52 (2982)
34 60 29 58 (2990)
34 60 52 58 (2985)
34 40 29 52 (3004)
34 40 29 58 (3012)
34 40 52 58 (3007)
34 29 52 58 (3026)
62 7 60 40 (2881)
62 7 60 29 (2889)
62 7 60 52 (2885)
62 7 60 58 (2896)
62 7 40 29 (2918)
62 7 40 52 (2914)
62 7 40 58 (2925)
62 7 29 52 (2922)
62 7 29 58 (2933)
62 7 52 58 (2929)
62 36 60 40 (2902)
62 36 60 29 (2904)
62 36 60 52 (2906)
62 36 60 58 (2917)
62 36 40 29 (2933)
62 36 40 52 (2937)
62 36 40 58 (2948)
62 36 29 52 (2937)
62 36 29 58 (2948)
62 36 52 58 (2952)
62 60 40 29 (2986)
62 60 40 52 (2988)
62 60 40 58 (2999)
62 60 29 52 (2990)
62 60 29 58 (3001)
62 60 52 58 (3003)
62 40 29 52 (3019)
62 40 29 58 (3030)
62 40 52 58 (3034)
62 29 52 58 (3034)
7 36 60 40 (2909)
7 36 60 29 (2927)
7 36 60 52 (2923)
7 36 60 58 (2933)
7 36 40 29 (2946)
7 36 40 52 (2942)
7 36 40 58 (2952)
7 36 29 52 (2961)
7 36 29 58 (2971)
7 36 52 58 (2967)
7 60 40 29 (2999)
7 60 40 52 (2995)
7 60 40 58 (3005)
7 60 29 52 (3013)
7 60 29 58 (3023)
7 60 52 58 (3019)
7 40 29 52 (3032)
7 40 29 58 (3042)
7 40 52 58 (3038)
7 29 52 58 (3057)
36 60 40 29 (3014)
36 60 40 52 (3016)
36 60 40 58 (3026)
36 60 29 52 (3028)
36 60 29 58 (3038)
36 60 52 58 (3040)
36 40 29 52 (3047)
36 40 29 58 (3057)
36 40 52 58 (3061)
36 29 52 58 (3072)
60 40 29 52 (3100)
60 40 29 58 (3110)
60 40 52 58 (3112)
60 29 52 58 (3124)
40 29 52 58 (3143)
Frequent 5-itemsets:
itemset (occurrence)
5 60 40 29 52 (2888)
5 60 40 29 58 (2898)
5 60 40 52 58 (2892)
5 60 29 52 58 (2907)
5 40 29 52 58 (2931)
48 36 60 40 29 (2922)
48 36 60 40 52 (2924)
48 36 60 40 58 (2934)
48 36 60 29 52 (2936)
48 36 60 29 58 (2946)
48 36 60 52 58 (2948)
48 36 40 29 52 (2935)
48 36 40 29 58 (2945)
48 36 40 52 58 (2949)
48 36 29 52 58 (2960)
48 60 40 29 52 (2937)
48 60 40 29 58 (2947)
48 60 40 52 58 (2949)
48 60 29 52 58 (2961)
48 40 29 52 58 (2960)
56 62 40 29 52 (2889)
56 62 40 29 58 (2894)
56 62 40 52 58 (2904)
56 62 29 52 58 (2903)
56 7 40 29 52 (2882)
56 7 40 29 58 (2886)
56 7 40 52 58 (2888)
56 7 29 52 58 (2906)
56 36 40 29 52 (2879)
56 36 40 29 58 (2883)
56 36 40 52 58 (2893)
56 36 29 52 58 (2903)
56 60 40 29 52 (2932)
56 60 40 29 58 (2936)
56 60 40 52 58 (2944)
56 60 29 52 58 (2955)
56 40 29 52 58 (2975)
66 34 60 29 58 (2881)
66 62 60 40 58 (2877)
66 62 60 29 58 (2884)
66 62 60 52 58 (2881)
66 7 60 40 29 (2878)
66 7 60 40 58 (2881)
66 7 60 29 52 (2891)
66 7 60 29 58 (2901)
66 7 60 52 58 (2894)
66 7 40 29 58 (2877)
66 7 29 52 58 (2890)
66 36 60 40 29 (2892)
66 36 60 40 52 (2889)
66 36 60 40 58 (2899)
66 36 60 29 52 (2905)
66 36 60 29 58 (2915)
66 36 60 52 58 (2912)
66 36 40 29 52 (2881)
66 36 40 29 58 (2891)
66 36 40 52 58 (2888)
66 36 29 52 58 (2904)
66 60 40 29 52 (2978)
66 60 40 29 58 (2988)
66 60 40 52 58 (2985)
66 60 29 52 58 (3001)
66 40 29 52 58 (2977)
34 62 40 29 52 (2888)
34 62 40 29 58 (2897)
34 62 40 52 58 (2892)
34 62 29 52 58 (2900)
34 7 60 29 58 (2882)
34 7 40 29 52 (2896)
34 7 40 29 58 (2904)
34 7 40 52 58 (2897)
34 7 29 52 58 (2918)
34 36 60 29 52 (2885)
34 36 60 29 58 (2893)
34 36 60 52 58 (2888)
34 36 40 29 52 (2907)
34 36 40 29 58 (2915)
34 36 40 52 58 (2910)
34 36 29 52 58 (2929)
34 60 40 29 52 (2960)
34 60 40 29 58 (2968)
34 60 40 52 58 (2963)
34 60 29 52 58 (2981)
34 40 29 52 58 (3003)
62 7 60 40 58 (2881)
62 7 60 29 52 (2878)
62 7 60 29 58 (2889)
62 7 60 52 58 (2885)
62 7 40 29 52 (2907)
62 7 40 29 58 (2918)
62 7 40 52 58 (2914)
62 7 29 52 58 (2922)
62 36 60 40 29 (2889)
62 36 60 40 52 (2891)
62 36 60 40 58 (2902)
62 36 60 29 52 (2893)
62 36 60 29 58 (2904)
62 36 60 52 58 (2906)
62 36 40 29 52 (2922)
62 36 40 29 58 (2933)
62 36 40 52 58 (2937)
62 36 29 52 58 (2937)
62 60 40 29 52 (2975)
62 60 40 29 58 (2986)
62 60 40 52 58 (2988)
62 60 29 52 58 (2990)
62 40 29 52 58 (3019)
7 36 60 40 29 (2902)
7 36 60 40 52 (2898)
7 36 60 40 58 (2908)
7 36 60 29 52 (2916)
7 36 60 29 58 (2926)
7 36 60 52 58 (2922)
7 36 40 29 52 (2935)
7 36 40 29 58 (2945)
7 36 40 52 58 (2941)
7 36 29 52 58 (2960)
7 60 40 29 52 (2988)
7 60 40 29 58 (2998)
7 60 40 52 58 (2994)
7 60 29 52 58 (3012)
7 40 29 52 58 (3031)
36 60 40 29 52 (3003)
36 60 40 29 58 (3013)
36 60 40 52 58 (3015)
36 60 29 52 58 (3027)
36 40 29 52 58 (3046)
60 40 29 52 58 (3099)
Frequent 6-itemsets:
itemset (occurrence)
5 60 40 29 52 58 (2887)
48 36 60 40 29 52 (2911)
48 36 60 40 29 58 (2921)
48 36 60 40 52 58 (2923)
48 36 60 29 52 58 (2935)
48 36 40 29 52 58 (2934)
48 60 40 29 52 58 (2936)
56 62 40 29 52 58 (2889)
56 7 40 29 52 58 (2881)
56 36 40 29 52 58 (2878)
56 60 40 29 52 58 (2931)
66 7 60 40 29 58 (2877)
66 7 60 29 52 58 (2890)
66 36 60 40 29 52 (2881)
66 36 60 40 29 58 (2891)
66 36 60 40 52 58 (2888)
66 36 60 29 52 58 (2904)
66 36 40 29 52 58 (2880)
66 60 40 29 52 58 (2977)
34 62 40 29 52 58 (2888)
34 7 40 29 52 58 (2895)
34 36 60 29 52 58 (2884)
34 36 40 29 52 58 (2906)
34 60 40 29 52 58 (2959)
62 7 60 29 52 58 (2878)
62 7 40 29 52 58 (2907)
62 36 60 40 29 52 (2878)
62 36 60 40 29 58 (2889)
62 36 60 40 52 58 (2891)
62 36 60 29 52 58 (2893)
62 36 40 29 52 58 (2922)
62 60 40 29 52 58 (2975)
7 36 60 40 29 52 (2891)
7 36 60 40 29 58 (2901)
7 36 60 40 52 58 (2897)
7 36 60 29 52 58 (2915)
7 36 40 29 52 58 (2934)
7 60 40 29 52 58 (2987)
36 60 40 29 52 58 (3002)
Frequent 7-itemsets:
itemset (occurrence)
48 36 60 40 29 52 58 (2910)
66 36 60 40 29 52 58 (2880)
62 36 60 40 29 52 58 (2878)
7 36 60 40 29 52 58 (2890)

Association rules:
condition ==>consequence (confidence, occurrence)

5 ==> 34 (0.9724, 2889)
34 ==> 5 (0.950329, 2889)
5 ==> 34 29 (0.971054, 2885)
34 ==> 5 29 (0.949013, 2885)
29 ==> 5 34 (0.906948, 2885)
5 ==> 34 29 58 (0.970717, 2884)
34 ==> 5 29 58 (0.948684, 2884)
29 ==> 5 34 58 (0.906633, 2884)
58 ==> 5 34 29 (0.90266, 2884)
5 ==> 34 52 (0.969371, 2880)
34 ==> 5 52 (0.947368, 2880)
52 ==> 5 34 (0.904239, 2880)
5 ==> 34 52 58 (0.969034, 2879)
34 ==> 5 52 58 (0.947039, 2879)
52 ==> 5 34 58 (0.903925, 2879)
58 ==> 5 34 52 (0.901095, 2879)
5 ==> 34 58 (0.972063, 2888)
34 ==> 5 58 (0.95, 2888)
58 ==> 5 34 (0.903912, 2888)
5 ==> 60 (0.98418, 2924)
60 ==> 5 (0.928549, 2924)
5 ==> 60 40 (0.977449, 2904)
60 ==> 5 40 (0.922198, 2904)
40 ==> 5 60 (0.916088, 2904)
5 ==> 60 40 29 (0.975766, 2899)
60 ==> 5 40 29 (0.92061, 2899)
40 ==> 5 60 29 (0.914511, 2899)
29 ==> 5 60 40 (0.911349, 2899)
5 ==> 60 40 29 52 (0.972063, 2888)
60 ==> 5 40 29 52 (0.917117, 2888)
40 ==> 5 60 29 52 (0.911041, 2888)
29 ==> 5 60 40 52 (0.907891, 2888)
52 ==> 5 60 40 29 (0.90675, 2888)
5 ==> 60 40 29 52 58 (0.971727, 2887)
60 ==> 5 40 29 52 58 (0.916799, 2887)
40 ==> 5 60 29 52 58 (0.910726, 2887)
29 ==> 5 60 40 52 58 (0.907576, 2887)
52 ==> 5 60 40 29 58 (0.906436, 2887)
58 ==> 5 60 40 29 52 (0.903599, 2887)
5 ==> 60 40 29 58 (0.975429, 2898)
60 ==> 5 40 29 58 (0.920292, 2898)
40 ==> 5 60 29 58 (0.914196, 2898)
29 ==> 5 60 40 58 (0.911034, 2898)
58 ==> 5 60 40 29 (0.907042, 2898)
5 ==> 60 40 52 (0.973746, 2893)
60 ==> 5 40 52 (0.918704, 2893)
40 ==> 5 60 52 (0.912618, 2893)
52 ==> 5 60 40 (0.90832, 2893)
5 ==> 60 40 52 58 (0.97341, 2892)
60 ==> 5 40 52 58 (0.918387, 2892)
40 ==> 5 60 52 58 (0.912303, 2892)
52 ==> 5 60 40 58 (0.908006, 2892)
58 ==> 5 60 40 52 (0.905164, 2892)
5 ==> 60 40 58 (0.977112, 2903)
60 ==> 5 40 58 (0.92188, 2903)
40 ==> 5 60 58 (0.915773, 2903)
58 ==> 5 60 40 (0.908607, 2903)
5 ==> 60 29 (0.982497, 2919)
60 ==> 5 29 (0.926961, 2919)
29 ==> 5 60 (0.917636, 2919)
5 ==> 60 29 52 (0.978795, 2908)
60 ==> 5 29 52 (0.923468, 2908)
29 ==> 5 60 52 (0.914178, 2908)
52 ==> 5 60 29 (0.91303, 2908)
5 ==> 60 29 52 58 (0.978458, 2907)
60 ==> 5 29 52 58 (0.92315, 2907)
29 ==> 5 60 52 58 (0.913864, 2907)
52 ==> 5 60 29 58 (0.912716, 2907)
58 ==> 5 60 29 52 (0.909859, 2907)
5 ==> 60 29 58 (0.982161, 2918)
60 ==> 5 29 58 (0.926643, 2918)
29 ==> 5 60 58 (0.917322, 2918)
58 ==> 5 60 29 (0.913302, 2918)
5 ==> 60 52 (0.980478, 2913)
60 ==> 5 52 (0.925056, 2913)
52 ==> 5 60 (0.9146, 2913)
5 ==> 60 52 58 (0.980141, 2912)
60 ==> 5 52 58 (0.924738, 2912)
52 ==> 5 60 58 (0.914286, 2912)
58 ==> 5 60 52 (0.911424, 2912)
5 ==> 60 58 (0.983844, 2923)
60 ==> 5 58 (0.928231, 2923)
58 ==> 5 60 (0.914867, 2923)
5 ==> 40 (0.992932, 2950)
40 ==> 5 (0.930599, 2950)
5 ==> 40 29 (0.990576, 2943)
40 ==> 5 29 (0.928391, 2943)
29 ==> 5 40 (0.925181, 2943)
5 ==> 40 29 52 (0.986873, 2932)
40 ==> 5 29 52 (0.924921, 2932)
29 ==> 5 40 52 (0.921723, 2932)
52 ==> 5 40 29 (0.920565, 2932)
5 ==> 40 29 52 58 (0.986537, 2931)
40 ==> 5 29 52 58 (0.924606, 2931)
29 ==> 5 40 52 58 (0.921408, 2931)
52 ==> 5 40 29 58 (0.920251, 2931)
58 ==> 5 40 29 52 (0.917371, 2931)
5 ==> 40 29 58 (0.990239, 2942)
40 ==> 5 29 58 (0.928076, 2942)
29 ==> 5 40 58 (0.924866, 2942)
58 ==> 5 40 29 (0.920814, 2942)
5 ==> 40 52 (0.989229, 2939)
40 ==> 5 52 (0.927129, 2939)
52 ==> 5 40 (0.922763, 2939)
5 ==> 40 52 58 (0.988893, 2938)
40 ==> 5 52 58 (0.926814, 2938)
52 ==> 5 40 58 (0.922449, 2938)
58 ==> 5 40 52 (0.919562, 2938)
5 ==> 40 58 (0.992595, 2949)
40 ==> 5 58 (0.930284, 2949)
58 ==> 5 40 (0.923005, 2949)
5 ==> 29 (0.997644, 2964)
29 ==> 5 (0.931782, 2964)
5 ==> 29 52 (0.993941, 2953)
29 ==> 5 52 (0.928324, 2953)
52 ==> 5 29 (0.927159, 2953)
5 ==> 29 52 58 (0.993605, 2952)
29 ==> 5 52 58 (0.92801, 2952)
52 ==> 5 29 58 (0.926845, 2952)
58 ==> 5 29 52 (0.923944, 2952)
5 ==> 29 58 (0.997307, 2963)
29 ==> 5 58 (0.931468, 2963)
58 ==> 5 29 (0.927387, 2963)
5 ==> 52 (0.996298, 2960)
52 ==> 5 (0.929356, 2960)
5 ==> 52 58 (0.995961, 2959)
52 ==> 5 58 (0.929042, 2959)
58 ==> 5 52 (0.926135, 2959)
5 ==> 58 (0.999663, 2970)
58 ==> 5 (0.929577, 2970)
48 ==> 62 (0.954862, 2877)
62 ==> 48 (0.940196, 2877)
48 ==> 62 58 (0.954862, 2877)
62 ==> 48 58 (0.940196, 2877)
58 ==> 48 62 (0.900469, 2877)
48 ==> 7 (0.960173, 2893)
7 ==> 48 (0.940507, 2893)
48 ==> 7 29 (0.957849, 2886)
7 ==> 48 29 (0.938231, 2886)
29 ==> 48 7 (0.907262, 2886)
48 ==> 7 29 58 (0.957517, 2885)
7 ==> 48 29 58 (0.937906, 2885)
29 ==> 48 7 58 (0.906948, 2885)
58 ==> 48 7 29 (0.902973, 2885)
48 ==> 7 52 (0.956522, 2882)
7 ==> 48 52 (0.936931, 2882)
52 ==> 48 7 (0.904867, 2882)
48 ==> 7 52 58 (0.95619, 2881)
7 ==> 48 52 58 (0.936606, 2881)
52 ==> 48 7 58 (0.904553, 2881)
58 ==> 48 7 52 (0.901721, 2881)
48 ==> 7 58 (0.959841, 2892)
7 ==> 48 58 (0.940182, 2892)
58 ==> 48 7 (0.905164, 2892)
48 ==> 36 (0.991371, 2987)
36 ==> 48 (0.963859, 2987)
48 ==> 36 60 (0.98241, 2960)
36 ==> 48 60 (0.955147, 2960)
60 ==> 48 36 (0.939981, 2960)
48 ==> 36 60 40 (0.974112, 2935)
36 ==> 48 60 40 (0.94708, 2935)
60 ==> 48 36 40 (0.932042, 2935)
40 ==> 48 36 60 (0.925868, 2935)
48 ==> 36 60 40 29 (0.969798, 2922)
36 ==> 48 60 40 29 (0.942885, 2922)
60 ==> 48 36 40 29 (0.927914, 2922)
40 ==> 48 36 60 29 (0.921767, 2922)
29 ==> 48 36 60 40 (0.918579, 2922)
48 ==> 36 60 40 29 52 (0.966147, 2911)
36 ==> 48 60 40 29 52 (0.939335, 2911)
60 ==> 48 36 40 29 52 (0.92442, 2911)
40 ==> 48 36 60 29 52 (0.918297, 2911)
29 ==> 48 36 60 40 52 (0.915121, 2911)
52 ==> 48 36 60 40 29 (0.913972, 2911)
48 ==> 36 60 40 29 52 58 (0.965815, 2910)
36 ==> 48 60 40 29 52 58 (0.939013, 2910)
60 ==> 48 36 40 29 52 58 (0.924103, 2910)
40 ==> 48 36 60 29 52 58 (0.917981, 2910)
29 ==> 48 36 60 40 52 58 (0.914807, 2910)
52 ==> 48 36 60 40 29 58 (0.913658, 2910)
58 ==> 48 36 60 40 29 52 (0.910798, 2910)
48 ==> 36 60 40 29 58 (0.969466, 2921)
36 ==> 48 60 40 29 58 (0.942562, 2921)
60 ==> 48 36 40 29 58 (0.927596, 2921)
40 ==> 48 36 60 29 58 (0.921451, 2921)
29 ==> 48 36 60 40 58 (0.918265, 2921)
58 ==> 48 36 60 40 29 (0.914241, 2921)
48 ==> 36 60 40 52 (0.970461, 2924)
36 ==> 48 60 40 52 (0.94353, 2924)
60 ==> 48 36 40 52 (0.928549, 2924)
40 ==> 48 36 60 52 (0.922397, 2924)
52 ==> 48 36 60 40 (0.918053, 2924)
48 ==> 36 60 40 52 58 (0.970129, 2923)
36 ==> 48 60 40 52 58 (0.943207, 2923)
60 ==> 48 36 40 52 58 (0.928231, 2923)
40 ==> 48 36 60 52 58 (0.922082, 2923)
52 ==> 48 36 60 40 58 (0.917739, 2923)
58 ==> 48 36 60 40 52 (0.914867, 2923)
48 ==> 36 60 40 58 (0.97378, 2934)
36 ==> 48 60 40 58 (0.946757, 2934)
60 ==> 48 36 40 58 (0.931724, 2934)
40 ==> 48 36 60 58 (0.925552, 2934)
58 ==> 48 36 60 40 (0.91831, 2934)
48 ==> 36 60 29 (0.978095, 2947)
36 ==> 48 60 29 (0.950952, 2947)
60 ==> 48 36 29 (0.935853, 2947)
29 ==> 48 36 60 (0.926438, 2947)
48 ==> 36 60 29 52 (0.974444, 2936)
36 ==> 48 60 29 52 (0.947402, 2936)
60 ==> 48 36 29 52 (0.932359, 2936)
29 ==> 48 36 60 52 (0.92298, 2936)
52 ==> 48 36 60 29 (0.921821, 2936)
48 ==> 36 60 29 52 58 (0.974112, 2935)
36 ==> 48 60 29 52 58 (0.94708, 2935)
60 ==> 48 36 29 52 58 (0.932042, 2935)
29 ==> 48 36 60 52 58 (0.922666, 2935)
52 ==> 48 36 60 29 58 (0.921507, 2935)
58 ==> 48 36 60 29 52 (0.918623, 2935)
48 ==> 36 60 29 58 (0.977763, 2946)
36 ==> 48 60 29 58 (0.950629, 2946)
60 ==> 48 36 29 58 (0.935535, 2946)
29 ==> 48 36 60 58 (0.926124, 2946)
58 ==> 48 36 60 29 (0.922066, 2946)
48 ==> 36 60 52 (0.978759, 2949)
36 ==> 48 60 52 (0.951597, 2949)
60 ==> 48 36 52 (0.936488, 2949)
52 ==> 48 36 60 (0.925903, 2949)
48 ==> 36 60 52 58 (0.978427, 2948)
36 ==> 48 60 52 58 (0.951275, 2948)
60 ==> 48 36 52 58 (0.93617, 2948)
52 ==> 48 36 60 58 (0.925589, 2948)
58 ==> 48 36 60 52 (0.922692, 2948)
48 ==> 36 60 58 (0.982078, 2959)
36 ==> 48 60 58 (0.954824, 2959)
60 ==> 48 36 58 (0.939663, 2959)
58 ==> 48 36 60 (0.926135, 2959)
48 ==> 36 40 (0.982741, 2961)
36 ==> 48 40 (0.95547, 2961)
40 ==> 48 36 (0.934069, 2961)
48 ==> 36 40 29 (0.977763, 2946)
36 ==> 48 40 29 (0.950629, 2946)
40 ==> 48 36 29 (0.929338, 2946)
29 ==> 48 36 40 (0.926124, 2946)
48 ==> 36 40 29 52 (0.974112, 2935)
36 ==> 48 40 29 52 (0.94708, 2935)
40 ==> 48 36 29 52 (0.925868, 2935)
29 ==> 48 36 40 52 (0.922666, 2935)
52 ==> 48 36 40 29 (0.921507, 2935)
48 ==> 36 40 29 52 58 (0.97378, 2934)
36 ==> 48 40 29 52 58 (0.946757, 2934)
40 ==> 48 36 29 52 58 (0.925552, 2934)
29 ==> 48 36 40 52 58 (0.922351, 2934)
52 ==> 48 36 40 29 58 (0.921193, 2934)
58 ==> 48 36 40 29 52 (0.91831, 2934)
48 ==> 36 40 29 58 (0.977431, 2945)
36 ==> 48 40 29 58 (0.950307, 2945)
40 ==> 48 36 29 58 (0.929022, 2945)
29 ==> 48 36 40 58 (0.925809, 2945)
58 ==> 48 36 40 29 (0.921753, 2945)
48 ==> 36 40 52 (0.979091, 2950)
36 ==> 48 40 52 (0.95192, 2950)
40 ==> 48 36 52 (0.930599, 2950)
52 ==> 48 36 40 (0.926217, 2950)
48 ==> 36 40 52 58 (0.978759, 2949)
36 ==> 48 40 52 58 (0.951597, 2949)
40 ==> 48 36 52 58 (0.930284, 2949)
52 ==> 48 36 40 58 (0.925903, 2949)
58 ==> 48 36 40 52 (0.923005, 2949)
48 ==> 36 40 58 (0.98241, 2960)
36 ==> 48 40 58 (0.955147, 2960)
40 ==> 48 36 58 (0.933754, 2960)
58 ==> 48 36 40 (0.926448, 2960)
48 ==> 36 29 (0.986392, 2972)
36 ==> 48 29 (0.959019, 2972)
29 ==> 48 36 (0.934297, 2972)
48 ==> 36 29 52 (0.982741, 2961)
36 ==> 48 29 52 (0.95547, 2961)
29 ==> 48 36 52 (0.930839, 2961)
52 ==> 48 36 29 (0.92967, 2961)
48 ==> 36 29 52 58 (0.98241, 2960)
36 ==> 48 29 52 58 (0.955147, 2960)
29 ==> 48 36 52 58 (0.930525, 2960)
52 ==> 48 36 29 58 (0.929356, 2960)
58 ==> 48 36 29 52 (0.926448, 2960)
48 ==> 36 29 58 (0.98606, 2971)
36 ==> 48 29 58 (0.958696, 2971)
29 ==> 48 36 58 (0.933983, 2971)
58 ==> 48 36 29 (0.92989, 2971)
48 ==> 36 52 (0.98772, 2976)
36 ==> 48 52 (0.96031, 2976)
52 ==> 48 36 (0.93438, 2976)
48 ==> 36 52 58 (0.987388, 2975)
36 ==> 48 52 58 (0.959987, 2975)
52 ==> 48 36 58 (0.934066, 2975)
58 ==> 48 36 52 (0.931142, 2975)
48 ==> 36 58 (0.991039, 2986)
36 ==> 48 58 (0.963537, 2986)
58 ==> 48 36 (0.934585, 2986)
48 ==> 60 (0.991039, 2986)
60 ==> 48 (0.948238, 2986)
48 ==> 60 40 (0.982741, 2961)
60 ==> 48 40 (0.940299, 2961)
40 ==> 48 60 (0.934069, 2961)
48 ==> 60 40 29 (0.978427, 2948)
60 ==> 48 40 29 (0.93617, 2948)
40 ==> 48 60 29 (0.929968, 2948)
29 ==> 48 60 40 (0.926753, 2948)
48 ==> 60 40 29 52 (0.974776, 2937)
60 ==> 48 40 29 52 (0.932677, 2937)
40 ==> 48 60 29 52 (0.926498, 2937)
29 ==> 48 60 40 52 (0.923295, 2937)
52 ==> 48 60 40 29 (0.922135, 2937)
48 ==> 60 40 29 52 58 (0.974444, 2936)
60 ==> 48 40 29 52 58 (0.932359, 2936)
40 ==> 48 60 29 52 58 (0.926183, 2936)
29 ==> 48 60 40 52 58 (0.92298, 2936)
52 ==> 48 60 40 29 58 (0.921821, 2936)
58 ==> 48 60 40 29 52 (0.918936, 2936)
48 ==> 60 40 29 58 (0.978095, 2947)
60 ==> 48 40 29 58 (0.935853, 2947)
40 ==> 48 60 29 58 (0.929653, 2947)
29 ==> 48 60 40 58 (0.926438, 2947)
58 ==> 48 60 40 29 (0.922379, 2947)
48 ==> 60 40 52 (0.979091, 2950)
60 ==> 48 40 52 (0.936805, 2950)
40 ==> 48 60 52 (0.930599, 2950)
52 ==> 48 60 40 (0.926217, 2950)
48 ==> 60 40 52 58 (0.978759, 2949)
60 ==> 48 40 52 58 (0.936488, 2949)
40 ==> 48 60 52 58 (0.930284, 2949)
52 ==> 48 60 40 58 (0.925903, 2949)
58 ==> 48 60 40 52 (0.923005, 2949)
48 ==> 60 40 58 (0.98241, 2960)
60 ==> 48 40 58 (0.939981, 2960)
40 ==> 48 60 58 (0.933754, 2960)
58 ==> 48 60 40 (0.926448, 2960)
48 ==> 60 29 (0.986724, 2973)
60 ==> 48 29 (0.944109, 2973)
29 ==> 48 60 (0.934612, 2973)
48 ==> 60 29 52 (0.983073, 2962)
60 ==> 48 29 52 (0.940616, 2962)
29 ==> 48 60 52 (0.931154, 2962)
52 ==> 48 60 29 (0.929984, 2962)
48 ==> 60 29 52 58 (0.982741, 2961)
60 ==> 48 29 52 58 (0.940299, 2961)
29 ==> 48 60 52 58 (0.930839, 2961)
52 ==> 48 60 29 58 (0.92967, 2961)
58 ==> 48 60 29 52 (0.926761, 2961)
48 ==> 60 29 58 (0.986392, 2972)
60 ==> 48 29 58 (0.943792, 2972)
29 ==> 48 60 58 (0.934297, 2972)
58 ==> 48 60 29 (0.930203, 2972)
48 ==> 60 52 (0.987388, 2975)
60 ==> 48 52 (0.944744, 2975)
52 ==> 48 60 (0.934066, 2975)
48 ==> 60 52 58 (0.987056, 2974)
60 ==> 48 52 58 (0.944427, 2974)
52 ==> 48 60 58 (0.933752, 2974)
58 ==> 48 60 52 (0.930829, 2974)
48 ==> 60 58 (0.990707, 2985)
60 ==> 48 58 (0.94792, 2985)
58 ==> 48 60 (0.934272, 2985)
48 ==> 40 (0.991371, 2987)
40 ==> 48 (0.942271, 2987)
48 ==> 40 29 (0.986392, 2972)
40 ==> 48 29 (0.937539, 2972)
29 ==> 48 40 (0.934297, 2972)
48 ==> 40 29 52 (0.982741, 2961)
40 ==> 48 29 52 (0.934069, 2961)
29 ==> 48 40 52 (0.930839, 2961)
52 ==> 48 40 29 (0.92967, 2961)
48 ==> 40 29 52 58 (0.98241, 2960)
40 ==> 48 29 52 58 (0.933754, 2960)
29 ==> 48 40 52 58 (0.930525, 2960)
52 ==> 48 40 29 58 (0.929356, 2960)
58 ==> 48 40 29 52 (0.926448, 2960)
48 ==> 40 29 58 (0.98606, 2971)
40 ==> 48 29 58 (0.937224, 2971)
29 ==> 48 40 58 (0.933983, 2971)
58 ==> 48 40 29 (0.92989, 2971)
48 ==> 40 52 (0.98772, 2976)
40 ==> 48 52 (0.938801, 2976)
52 ==> 48 40 (0.93438, 2976)
48 ==> 40 52 58 (0.987388, 2975)
40 ==> 48 52 58 (0.938486, 2975)
52 ==> 48 40 58 (0.934066, 2975)
58 ==> 48 40 52 (0.931142, 2975)
48 ==> 40 58 (0.991039, 2986)
40 ==> 48 58 (0.941956, 2986)
58 ==> 48 40 (0.934585, 2986)
48 ==> 29 (0.995022, 2998)
29 ==> 48 (0.942471, 2998)
48 ==> 29 52 (0.991371, 2987)
29 ==> 48 52 (0.939013, 2987)
52 ==> 48 29 (0.937834, 2987)
48 ==> 29 52 58 (0.991039, 2986)
29 ==> 48 52 58 (0.938699, 2986)
52 ==> 48 29 58 (0.93752, 2986)
58 ==> 48 29 52 (0.934585, 2986)
48 ==> 29 58 (0.99469, 2997)
29 ==> 48 58 (0.942157, 2997)
58 ==> 48 29 (0.938028, 2997)
48 ==> 52 (0.996349, 3002)
52 ==> 48 (0.942543, 3002)
48 ==> 52 58 (0.996017, 3001)
52 ==> 48 58 (0.942229, 3001)
58 ==> 48 52 (0.93928, 3001)
48 ==> 58 (0.999668, 3012)
58 ==> 48 (0.942723, 3012)
56 ==> 34 (0.954651, 2884)
34 ==> 56 (0.948684, 2884)
56 ==> 34 29 (0.953327, 2880)
34 ==> 56 29 (0.947368, 2880)
29 ==> 56 34 (0.905376, 2880)
56 ==> 34 29 58 (0.952996, 2879)
34 ==> 56 29 58 (0.947039, 2879)
29 ==> 56 34 58 (0.905061, 2879)
58 ==> 56 34 29 (0.901095, 2879)
56 ==> 34 52 (0.952996, 2879)
34 ==> 56 52 (0.947039, 2879)
52 ==> 56 34 (0.903925, 2879)
56 ==> 34 52 58 (0.952665, 2878)
34 ==> 56 52 58 (0.946711, 2878)
52 ==> 56 34 58 (0.903611, 2878)
58 ==> 56 34 52 (0.900782, 2878)
56 ==> 34 58 (0.95432, 2883)
34 ==> 56 58 (0.948355, 2883)
58 ==> 56 34 (0.902347, 2883)
56 ==> 62 (0.96756, 2923)
62 ==> 56 (0.955229, 2923)
56 ==> 62 60 (0.952334, 2877)
62 ==> 56 60 (0.940196, 2877)
60 ==> 56 62 (0.913623, 2877)
56 ==> 62 60 58 (0.952334, 2877)
62 ==> 56 60 58 (0.940196, 2877)
60 ==> 56 62 58 (0.913623, 2877)
58 ==> 56 62 60 (0.900469, 2877)
56 ==> 62 40 (0.962926, 2909)
62 ==> 56 40 (0.950654, 2909)
40 ==> 56 62 (0.917666, 2909)
56 ==> 62 40 29 (0.957961, 2894)
62 ==> 56 40 29 (0.945752, 2894)
40 ==> 56 62 29 (0.912934, 2894)
29 ==> 56 62 40 (0.909777, 2894)
56 ==> 62 40 29 52 (0.956306, 2889)
62 ==> 56 40 29 52 (0.944118, 2889)
40 ==> 56 62 29 52 (0.911356, 2889)
29 ==> 56 62 40 52 (0.908205, 2889)
52 ==> 56 62 40 29 (0.907064, 2889)
56 ==> 62 40 29 52 58 (0.956306, 2889)
62 ==> 56 40 29 52 58 (0.944118, 2889)
40 ==> 56 62 29 52 58 (0.911356, 2889)
29 ==> 56 62 40 52 58 (0.908205, 2889)
52 ==> 56 62 40 29 58 (0.907064, 2889)
58 ==> 56 62 40 29 52 (0.904225, 2889)
56 ==> 62 40 29 58 (0.957961, 2894)
62 ==> 56 40 29 58 (0.945752, 2894)
40 ==> 56 62 29 58 (0.912934, 2894)
29 ==> 56 62 40 58 (0.909777, 2894)
58 ==> 56 62 40 29 (0.90579, 2894)
56 ==> 62 40 52 (0.961271, 2904)
62 ==> 56 40 52 (0.94902, 2904)
40 ==> 56 62 52 (0.916088, 2904)
52 ==> 56 62 40 (0.911774, 2904)
56 ==> 62 40 52 58 (0.961271, 2904)
62 ==> 56 40 52 58 (0.94902, 2904)
40 ==> 56 62 52 58 (0.916088, 2904)
52 ==> 56 62 40 58 (0.911774, 2904)
58 ==> 56 62 40 52 (0.90892, 2904)
56 ==> 62 40 58 (0.962926, 2909)
62 ==> 56 40 58 (0.950654, 2909)
40 ==> 56 62 58 (0.917666, 2909)
58 ==> 56 62 40 (0.910485, 2909)
56 ==> 62 29 (0.962595, 2908)
62 ==> 56 29 (0.950327, 2908)
29 ==> 56 62 (0.914178, 2908)
56 ==> 62 29 52 (0.96094, 2903)
62 ==> 56 29 52 (0.948693, 2903)
29 ==> 56 62 52 (0.912606, 2903)
52 ==> 56 62 29 (0.91146, 2903)
56 ==> 62 29 52 58 (0.96094, 2903)
62 ==> 56 29 52 58 (0.948693, 2903)
29 ==> 56 62 52 58 (0.912606, 2903)
52 ==> 56 62 29 58 (0.91146, 2903)
58 ==> 56 62 29 52 (0.908607, 2903)
56 ==> 62 29 58 (0.962595, 2908)
62 ==> 56 29 58 (0.950327, 2908)
29 ==> 56 62 58 (0.914178, 2908)
58 ==> 56 62 29 (0.910172, 2908)
56 ==> 62 52 (0.965905, 2918)
62 ==> 56 52 (0.953595, 2918)
52 ==> 56 62 (0.91617, 2918)
56 ==> 62 52 58 (0.965905, 2918)
62 ==> 56 52 58 (0.953595, 2918)
52 ==> 56 62 58 (0.91617, 2918)
58 ==> 56 62 52 (0.913302, 2918)
56 ==> 62 58 (0.96756, 2923)
62 ==> 56 58 (0.955229, 2923)
58 ==> 56 62 (0.914867, 2923)
56 ==> 7 (0.966236, 2919)
7 ==> 56 (0.94896, 2919)
56 ==> 7 40 (0.957961, 2894)
7 ==> 56 40 (0.940832, 2894)
40 ==> 56 7 (0.912934, 2894)
56 ==> 7 40 29 (0.955644, 2887)
7 ==> 56 40 29 (0.938557, 2887)
40 ==> 56 7 29 (0.910726, 2887)
29 ==> 56 7 40 (0.907576, 2887)
56 ==> 7 40 29 52 (0.953989, 2882)
7 ==> 56 40 29 52 (0.936931, 2882)
40 ==> 56 7 29 52 (0.909148, 2882)
29 ==> 56 7 40 52 (0.906004, 2882)
52 ==> 56 7 40 29 (0.904867, 2882)
56 ==> 7 40 29 52 58 (0.953658, 2881)
7 ==> 56 40 29 52 58 (0.936606, 2881)
40 ==> 56 7 29 52 58 (0.908833, 2881)
29 ==> 56 7 40 52 58 (0.90569, 2881)
52 ==> 56 7 40 29 58 (0.904553, 2881)
58 ==> 56 7 40 29 52 (0.901721, 2881)
56 ==> 7 40 29 58 (0.955313, 2886)
7 ==> 56 40 29 58 (0.938231, 2886)
40 ==> 56 7 29 58 (0.91041, 2886)
29 ==> 56 7 40 58 (0.907262, 2886)
58 ==> 56 7 40 29 (0.903286, 2886)
56 ==> 7 40 52 (0.956306, 2889)
7 ==> 56 40 52 (0.939207, 2889)
40 ==> 56 7 52 (0.911356, 2889)
52 ==> 56 7 40 (0.907064, 2889)
56 ==> 7 40 52 58 (0.955975, 2888)
7 ==> 56 40 52 58 (0.938882, 2888)
40 ==> 56 7 52 58 (0.911041, 2888)
52 ==> 56 7 40 58 (0.90675, 2888)
58 ==> 56 7 40 52 (0.903912, 2888)
56 ==> 7 40 58 (0.95763, 2893)
7 ==> 56 40 58 (0.940507, 2893)
40 ==> 56 7 58 (0.912618, 2893)
58 ==> 56 7 40 (0.905477, 2893)
56 ==> 7 29 (0.963919, 2912)
7 ==> 56 29 (0.946684, 2912)
29 ==> 56 7 (0.915435, 2912)
56 ==> 7 29 52 (0.962264, 2907)
7 ==> 56 29 52 (0.945059, 2907)
29 ==> 56 7 52 (0.913864, 2907)
52 ==> 56 7 29 (0.912716, 2907)
56 ==> 7 29 52 58 (0.961933, 2906)
7 ==> 56 29 52 58 (0.944733, 2906)
29 ==> 56 7 52 58 (0.913549, 2906)
52 ==> 56 7 29 58 (0.912402, 2906)
58 ==> 56 7 29 52 (0.909546, 2906)
56 ==> 7 29 58 (0.963588, 2911)
7 ==> 56 29 58 (0.946359, 2911)
29 ==> 56 7 58 (0.915121, 2911)
58 ==> 56 7 29 (0.911111, 2911)
56 ==> 7 52 (0.964581, 2914)
7 ==> 56 52 (0.947334, 2914)
52 ==> 56 7 (0.914914, 2914)
56 ==> 7 52 58 (0.96425, 2913)
7 ==> 56 52 58 (0.947009, 2913)
52 ==> 56 7 58 (0.9146, 2913)
58 ==> 56 7 52 (0.911737, 2913)
56 ==> 7 58 (0.965905, 2918)
7 ==> 56 58 (0.948635, 2918)
58 ==> 56 7 (0.913302, 2918)
56 ==> 36 (0.967891, 2924)
36 ==> 56 (0.94353, 2924)
56 ==> 36 60 (0.952334, 2877)
36 ==> 56 60 (0.928364, 2877)
60 ==> 56 36 (0.913623, 2877)
56 ==> 36 40 (0.959616, 2899)
36 ==> 56 40 (0.935463, 2899)
40 ==> 56 36 (0.914511, 2899)
56 ==> 36 40 29 (0.954651, 2884)
36 ==> 56 40 29 (0.930623, 2884)
40 ==> 56 36 29 (0.909779, 2884)
29 ==> 56 36 40 (0.906633, 2884)
56 ==> 36 40 29 52 (0.952996, 2879)
36 ==> 56 40 29 52 (0.929009, 2879)
40 ==> 56 36 29 52 (0.908202, 2879)
29 ==> 56 36 40 52 (0.905061, 2879)
52 ==> 56 36 40 29 (0.903925, 2879)
56 ==> 36 40 29 52 58 (0.952665, 2878)
36 ==> 56 40 29 52 58 (0.928687, 2878)
40 ==> 56 36 29 52 58 (0.907886, 2878)
29 ==> 56 36 40 52 58 (0.904747, 2878)
52 ==> 56 36 40 29 58 (0.903611, 2878)
58 ==> 56 36 40 29 52 (0.900782, 2878)
56 ==> 36 40 29 58 (0.95432, 2883)
36 ==> 56 40 29 58 (0.9303, 2883)
40 ==> 56 36 29 58 (0.909464, 2883)
29 ==> 56 36 40 58 (0.906319, 2883)
58 ==> 56 36 40 29 (0.902347, 2883)
56 ==> 36 40 52 (0.957961, 2894)
36 ==> 56 40 52 (0.93385, 2894)
40 ==> 56 36 52 (0.912934, 2894)
52 ==> 56 36 40 (0.908634, 2894)
56 ==> 36 40 52 58 (0.95763, 2893)
36 ==> 56 40 52 58 (0.933527, 2893)
40 ==> 56 36 52 58 (0.912618, 2893)
52 ==> 56 36 40 58 (0.90832, 2893)
58 ==> 56 36 40 52 (0.905477, 2893)
56 ==> 36 40 58 (0.959285, 2898)
36 ==> 56 40 58 (0.93514, 2898)
40 ==> 56 36 58 (0.914196, 2898)
58 ==> 56 36 40 (0.907042, 2898)
56 ==> 36 29 (0.962926, 2909)
36 ==> 56 29 (0.93869, 2909)
29 ==> 56 36 (0.914492, 2909)
56 ==> 36 29 52 (0.961271, 2904)
36 ==> 56 29 52 (0.937076, 2904)
29 ==> 56 36 52 (0.91292, 2904)
52 ==> 56 36 29 (0.911774, 2904)
56 ==> 36 29 52 58 (0.96094, 2903)
36 ==> 56 29 52 58 (0.936754, 2903)
29 ==> 56 36 52 58 (0.912606, 2903)
52 ==> 56 36 29 58 (0.91146, 2903)
58 ==> 56 36 29 52 (0.908607, 2903)
56 ==> 36 29 58 (0.962595, 2908)
36 ==> 56 29 58 (0.938367, 2908)
29 ==> 56 36 58 (0.914178, 2908)
58 ==> 56 36 29 (0.910172, 2908)
56 ==> 36 52 (0.966236, 2919)
36 ==> 56 52 (0.941917, 2919)
52 ==> 56 36 (0.916484, 2919)
56 ==> 36 52 58 (0.965905, 2918)
36 ==> 56 52 58 (0.941594, 2918)
52 ==> 56 36 58 (0.91617, 2918)
58 ==> 56 36 52 (0.913302, 2918)
56 ==> 36 58 (0.96756, 2923)
36 ==> 56 58 (0.943207, 2923)
58 ==> 56 36 (0.914867, 2923)
56 ==> 60 (0.984442, 2974)
60 ==> 56 (0.944427, 2974)
56 ==> 60 40 (0.976498, 2950)
60 ==> 56 40 (0.936805, 2950)
40 ==> 56 60 (0.930599, 2950)
56 ==> 60 40 29 (0.972195, 2937)
60 ==> 56 40 29 (0.932677, 2937)
40 ==> 56 60 29 (0.926498, 2937)
29 ==> 56 60 40 (0.923295, 2937)
56 ==> 60 40 29 52 (0.97054, 2932)
60 ==> 56 40 29 52 (0.931089, 2932)
40 ==> 56 60 29 52 (0.924921, 2932)
29 ==> 56 60 40 52 (0.921723, 2932)
52 ==> 56 60 40 29 (0.920565, 2932)
56 ==> 60 40 29 52 58 (0.970209, 2931)
60 ==> 56 40 29 52 58 (0.930772, 2931)
40 ==> 56 60 29 52 58 (0.924606, 2931)
29 ==> 56 60 40 52 58 (0.921408, 2931)
52 ==> 56 60 40 29 58 (0.920251, 2931)
58 ==> 56 60 40 29 52 (0.917371, 2931)
56 ==> 60 40 29 58 (0.971864, 2936)
60 ==> 56 40 29 58 (0.932359, 2936)
40 ==> 56 60 29 58 (0.926183, 2936)
29 ==> 56 60 40 58 (0.92298, 2936)
58 ==> 56 60 40 29 (0.918936, 2936)
56 ==> 60 40 52 (0.974843, 2945)
60 ==> 56 40 52 (0.935218, 2945)
40 ==> 56 60 52 (0.929022, 2945)
52 ==> 56 60 40 (0.924647, 2945)
56 ==> 60 40 52 58 (0.974512, 2944)
60 ==> 56 40 52 58 (0.9349, 2944)
40 ==> 56 60 52 58 (0.928707, 2944)
52 ==> 56 60 40 58 (0.924333, 2944)
58 ==> 56 60 40 52 (0.92144, 2944)
56 ==> 60 40 58 (0.976167, 2949)
60 ==> 56 40 58 (0.936488, 2949)
40 ==> 56 60 58 (0.930284, 2949)
58 ==> 56 60 40 (0.923005, 2949)
56 ==> 60 29 (0.980139, 2961)
60 ==> 56 29 (0.940299, 2961)
29 ==> 56 60 (0.930839, 2961)
56 ==> 60 29 52 (0.978484, 2956)
60 ==> 56 29 52 (0.938711, 2956)
29 ==> 56 60 52 (0.929268, 2956)
52 ==> 56 60 29 (0.9281, 2956)
56 ==> 60 29 52 58 (0.978153, 2955)
60 ==> 56 29 52 58 (0.938393, 2955)
29 ==> 56 60 52 58 (0.928953, 2955)
52 ==> 56 60 29 58 (0.927786, 2955)
58 ==> 56 60 29 52 (0.924883, 2955)
56 ==> 60 29 58 (0.979808, 2960)
60 ==> 56 29 58 (0.939981, 2960)
29 ==> 56 60 58 (0.930525, 2960)
58 ==> 56 60 29 (0.926448, 2960)
56 ==> 60 52 (0.982787, 2969)
60 ==> 56 52 (0.942839, 2969)
52 ==> 56 60 (0.932182, 2969)
56 ==> 60 52 58 (0.982456, 2968)
60 ==> 56 52 58 (0.942521, 2968)
52 ==> 56 60 58 (0.931868, 2968)
58 ==> 56 60 52 (0.928951, 2968)
56 ==> 60 58 (0.984111, 2973)
60 ==> 56 58 (0.944109, 2973)
58 ==> 56 60 (0.930516, 2973)
56 ==> 40 (0.991725, 2996)
40 ==> 56 (0.94511, 2996)
56 ==> 40 29 (0.986759, 2981)
40 ==> 56 29 (0.940379, 2981)
29 ==> 56 40 (0.937127, 2981)
56 ==> 40 29 52 (0.985104, 2976)
40 ==> 56 29 52 (0.938801, 2976)
29 ==> 56 40 52 (0.935555, 2976)
52 ==> 56 40 29 (0.93438, 2976)
56 ==> 40 29 52 58 (0.984773, 2975)
40 ==> 56 29 52 58 (0.938486, 2975)
29 ==> 56 40 52 58 (0.93524, 2975)
52 ==> 56 40 29 58 (0.934066, 2975)
58 ==> 56 40 29 52 (0.931142, 2975)
56 ==> 40 29 58 (0.986428, 2980)
40 ==> 56 29 58 (0.940063, 2980)
29 ==> 56 40 58 (0.936812, 2980)
58 ==> 56 40 29 (0.932707, 2980)
56 ==> 40 52 (0.99007, 2991)
40 ==> 56 52 (0.943533, 2991)
52 ==> 56 40 (0.939089, 2991)
56 ==> 40 52 58 (0.989738, 2990)
40 ==> 56 52 58 (0.943218, 2990)
52 ==> 56 40 58 (0.938776, 2990)
58 ==> 56 40 52 (0.935837, 2990)
56 ==> 40 58 (0.991394, 2995)
40 ==> 56 58 (0.944795, 2995)
58 ==> 56 40 (0.937402, 2995)
56 ==> 29 (0.995035, 3006)
29 ==> 56 (0.944986, 3006)
56 ==> 29 52 (0.99338, 3001)
29 ==> 56 52 (0.943414, 3001)
52 ==> 56 29 (0.942229, 3001)
56 ==> 29 52 58 (0.993049, 3000)
29 ==> 56 52 58 (0.9431, 3000)
52 ==> 56 29 58 (0.941915, 3000)
58 ==> 56 29 52 (0.938967, 3000)
56 ==> 29 58 (0.994704, 3005)
29 ==> 56 58 (0.944671, 3005)
58 ==> 56 29 (0.940532, 3005)
56 ==> 52 (0.998345, 3016)
52 ==> 56 (0.946939, 3016)
56 ==> 52 58 (0.998014, 3015)
52 ==> 56 58 (0.946625, 3015)
58 ==> 56 52 (0.943662, 3015)
56 ==> 58 (0.999669, 3020)
58 ==> 56 (0.945227, 3020)
66 ==> 34 (0.955313, 2886)
34 ==> 66 (0.949342, 2886)
66 ==> 34 60 (0.955313, 2886)
34 ==> 66 60 (0.949342, 2886)
60 ==> 66 34 (0.916481, 2886)
66 ==> 34 60 29 (0.953989, 2882)
34 ==> 66 60 29 (0.948026, 2882)
60 ==> 66 34 29 (0.915211, 2882)
29 ==> 66 34 60 (0.906004, 2882)
66 ==> 34 60 29 58 (0.953658, 2881)
34 ==> 66 60 29 58 (0.947697, 2881)
60 ==> 66 34 29 58 (0.914894, 2881)
29 ==> 66 34 60 58 (0.90569, 2881)
58 ==> 66 34 60 29 (0.901721, 2881)
66 ==> 34 60 52 (0.952334, 2877)
34 ==> 66 60 52 (0.946382, 2877)
60 ==> 66 34 52 (0.913623, 2877)
52 ==> 66 34 60 (0.903297, 2877)
66 ==> 34 60 58 (0.954982, 2885)
34 ==> 66 60 58 (0.949013, 2885)
60 ==> 66 34 58 (0.916164, 2885)
58 ==> 66 34 60 (0.902973, 2885)
66 ==> 34 29 (0.953989, 2882)
34 ==> 66 29 (0.948026, 2882)
29 ==> 66 34 (0.906004, 2882)
66 ==> 34 29 58 (0.953658, 2881)
34 ==> 66 29 58 (0.947697, 2881)
29 ==> 66 34 58 (0.90569, 2881)
58 ==> 66 34 29 (0.901721, 2881)
66 ==> 34 52 (0.952334, 2877)
34 ==> 66 52 (0.946382, 2877)
52 ==> 66 34 (0.903297, 2877)
66 ==> 34 58 (0.954982, 2885)
34 ==> 66 58 (0.949013, 2885)
58 ==> 66 34 (0.902973, 2885)
66 ==> 62 (0.957299, 2892)
62 ==> 66 (0.945098, 2892)
66 ==> 62 60 (0.957299, 2892)
62 ==> 66 60 (0.945098, 2892)
60 ==> 66 62 (0.918387, 2892)
66 ==> 62 60 40 (0.952334, 2877)
62 ==> 66 60 40 (0.940196, 2877)
60 ==> 66 62 40 (0.913623, 2877)
40 ==> 66 62 60 (0.907571, 2877)
66 ==> 62 60 40 58 (0.952334, 2877)
62 ==> 66 60 40 58 (0.940196, 2877)
60 ==> 66 62 40 58 (0.913623, 2877)
40 ==> 66 62 60 58 (0.907571, 2877)
58 ==> 66 62 60 40 (0.900469, 2877)
66 ==> 62 60 29 (0.954651, 2884)
62 ==> 66 60 29 (0.942484, 2884)
60 ==> 66 62 29 (0.915846, 2884)
29 ==> 66 62 60 (0.906633, 2884)
66 ==> 62 60 29 58 (0.954651, 2884)
62 ==> 66 60 29 58 (0.942484, 2884)
60 ==> 66 62 29 58 (0.915846, 2884)
29 ==> 66 62 60 58 (0.906633, 2884)
58 ==> 66 62 60 29 (0.90266, 2884)
66 ==> 62 60 52 (0.953658, 2881)
62 ==> 66 60 52 (0.941503, 2881)
60 ==> 66 62 52 (0.914894, 2881)
52 ==> 66 62 60 (0.904553, 2881)
66 ==> 62 60 52 58 (0.953658, 2881)
62 ==> 66 60 52 58 (0.941503, 2881)
60 ==> 66 62 52 58 (0.914894, 2881)
52 ==> 66 62 60 58 (0.904553, 2881)
58 ==> 66 62 60 52 (0.901721, 2881)
66 ==> 62 60 58 (0.957299, 2892)
62 ==> 66 60 58 (0.945098, 2892)
60 ==> 66 62 58 (0.918387, 2892)
58 ==> 66 62 60 (0.905164, 2892)
66 ==> 62 40 (0.952334, 2877)
62 ==> 66 40 (0.940196, 2877)
40 ==> 66 62 (0.907571, 2877)
66 ==> 62 40 58 (0.952334, 2877)
62 ==> 66 40 58 (0.940196, 2877)
40 ==> 66 62 58 (0.907571, 2877)
58 ==> 66 62 40 (0.900469, 2877)
66 ==> 62 29 (0.954651, 2884)
62 ==> 66 29 (0.942484, 2884)
29 ==> 66 62 (0.906633, 2884)
66 ==> 62 29 58 (0.954651, 2884)
62 ==> 66 29 58 (0.942484, 2884)
29 ==> 66 62 58 (0.906633, 2884)
58 ==> 66 62 29 (0.90266, 2884)
66 ==> 62 52 (0.953658, 2881)
62 ==> 66 52 (0.941503, 2881)
52 ==> 66 62 (0.904553, 2881)
66 ==> 62 52 58 (0.953658, 2881)
62 ==> 66 52 58 (0.941503, 2881)
52 ==> 66 62 58 (0.904553, 2881)
58 ==> 66 62 52 (0.901721, 2881)
66 ==> 62 58 (0.957299, 2892)
62 ==> 66 58 (0.945098, 2892)
58 ==> 66 62 (0.905164, 2892)
66 ==> 7 (0.961933, 2906)
7 ==> 66 (0.944733, 2906)
66 ==> 7 60 (0.961933, 2906)
7 ==> 66 60 (0.944733, 2906)
60 ==> 66 7 (0.922833, 2906)
66 ==> 7 60 40 (0.953989, 2882)
7 ==> 66 60 40 (0.936931, 2882)
60 ==> 66 7 40 (0.915211, 2882)
40 ==> 66 7 60 (0.909148, 2882)
66 ==> 7 60 40 29 (0.952665, 2878)
7 ==> 66 60 40 29 (0.935631, 2878)
60 ==> 66 7 40 29 (0.913941, 2878)
40 ==> 66 7 60 29 (0.907886, 2878)
29 ==> 66 7 60 40 (0.904747, 2878)
66 ==> 7 60 40 29 58 (0.952334, 2877)
7 ==> 66 60 40 29 58 (0.935306, 2877)
60 ==> 66 7 40 29 58 (0.913623, 2877)
40 ==> 66 7 60 29 58 (0.907571, 2877)
29 ==> 66 7 60 40 58 (0.904433, 2877)
58 ==> 66 7 60 40 29 (0.900469, 2877)
66 ==> 7 60 40 58 (0.953658, 2881)
7 ==> 66 60 40 58 (0.936606, 2881)
60 ==> 66 7 40 58 (0.914894, 2881)
40 ==> 66 7 60 58 (0.908833, 2881)
58 ==> 66 7 60 40 (0.901721, 2881)
66 ==> 7 60 29 (0.960609, 2902)
7 ==> 66 60 29 (0.943433, 2902)
60 ==> 66 7 29 (0.921562, 2902)
29 ==> 66 7 60 (0.912292, 2902)
66 ==> 7 60 29 52 (0.956968, 2891)
7 ==> 66 60 29 52 (0.939857, 2891)
60 ==> 66 7 29 52 (0.918069, 2891)
29 ==> 66 7 60 52 (0.908834, 2891)
52 ==> 66 7 60 29 (0.907692, 2891)
66 ==> 7 60 29 52 58 (0.956637, 2890)
7 ==> 66 60 29 52 58 (0.939532, 2890)
60 ==> 66 7 29 52 58 (0.917752, 2890)
29 ==> 66 7 60 52 58 (0.908519, 2890)
52 ==> 66 7 60 29 58 (0.907378, 2890)
58 ==> 66 7 60 29 52 (0.904538, 2890)
66 ==> 7 60 29 58 (0.960278, 2901)
7 ==> 66 60 29 58 (0.943108, 2901)
60 ==> 66 7 29 58 (0.921245, 2901)
29 ==> 66 7 60 58 (0.911977, 2901)
58 ==> 66 7 60 29 (0.907981, 2901)
66 ==> 7 60 52 (0.958292, 2895)
7 ==> 66 60 52 (0.941157, 2895)
60 ==> 66 7 52 (0.919339, 2895)
52 ==> 66 7 60 (0.908948, 2895)
66 ==> 7 60 52 58 (0.957961, 2894)
7 ==> 66 60 52 58 (0.940832, 2894)
60 ==> 66 7 52 58 (0.919022, 2894)
52 ==> 66 7 60 58 (0.908634, 2894)
58 ==> 66 7 60 52 (0.90579, 2894)
66 ==> 7 60 58 (0.961602, 2905)
7 ==> 66 60 58 (0.944408, 2905)
60 ==> 66 7 58 (0.922515, 2905)
58 ==> 66 7 60 (0.909233, 2905)
66 ==> 7 40 (0.953989, 2882)
7 ==> 66 40 (0.936931, 2882)
40 ==> 66 7 (0.909148, 2882)
66 ==> 7 40 29 (0.952665, 2878)
7 ==> 66 40 29 (0.935631, 2878)
40 ==> 66 7 29 (0.907886, 2878)
29 ==> 66 7 40 (0.904747, 2878)
66 ==> 7 40 29 58 (0.952334, 2877)
7 ==> 66 40 29 58 (0.935306, 2877)
40 ==> 66 7 29 58 (0.907571, 2877)
29 ==> 66 7 40 58 (0.904433, 2877)
58 ==> 66 7 40 29 (0.900469, 2877)
66 ==> 7 40 58 (0.953658, 2881)
7 ==> 66 40 58 (0.936606, 2881)
40 ==> 66 7 58 (0.908833, 2881)
58 ==> 66 7 40 (0.901721, 2881)
66 ==> 7 29 (0.960609, 2902)
7 ==> 66 29 (0.943433, 2902)
29 ==> 66 7 (0.912292, 2902)
66 ==> 7 29 52 (0.956968, 2891)
7 ==> 66 29 52 (0.939857, 2891)
29 ==> 66 7 52 (0.908834, 2891)
52 ==> 66 7 29 (0.907692, 2891)
66 ==> 7 29 52 58 (0.956637, 2890)
7 ==> 66 29 52 58 (0.939532, 2890)
29 ==> 66 7 52 58 (0.908519, 2890)
52 ==> 66 7 29 58 (0.907378, 2890)
58 ==> 66 7 29 52 (0.904538, 2890)
66 ==> 7 29 58 (0.960278, 2901)
7 ==> 66 29 58 (0.943108, 2901)
29 ==> 66 7 58 (0.911977, 2901)
58 ==> 66 7 29 (0.907981, 2901)
66 ==> 7 52 (0.958292, 2895)
7 ==> 66 52 (0.941157, 2895)
52 ==> 66 7 (0.908948, 2895)
66 ==> 7 52 58 (0.957961, 2894)
7 ==> 66 52 58 (0.940832, 2894)
52 ==> 66 7 58 (0.908634, 2894)
58 ==> 66 7 52 (0.90579, 2894)
66 ==> 7 58 (0.961602, 2905)
7 ==> 66 58 (0.944408, 2905)
58 ==> 66 7 (0.909233, 2905)
66 ==> 36 (0.967891, 2924)
36 ==> 66 (0.94353, 2924)
66 ==> 36 60 (0.967891, 2924)
36 ==> 66 60 (0.94353, 2924)
60 ==> 66 36 (0.928549, 2924)
66 ==> 36 60 40 (0.959947, 2900)
36 ==> 66 60 40 (0.935786, 2900)
60 ==> 66 36 40 (0.920927, 2900)
40 ==> 66 36 60 (0.914826, 2900)
66 ==> 36 60 40 29 (0.957299, 2892)
36 ==> 66 60 40 29 (0.933204, 2892)
60 ==> 66 36 40 29 (0.918387, 2892)
40 ==> 66 36 60 29 (0.912303, 2892)
29 ==> 66 36 60 40 (0.909148, 2892)
66 ==> 36 60 40 29 52 (0.953658, 2881)
36 ==> 66 60 40 29 52 (0.929655, 2881)
60 ==> 66 36 40 29 52 (0.914894, 2881)
40 ==> 66 36 60 29 52 (0.908833, 2881)
29 ==> 66 36 60 40 52 (0.90569, 2881)
52 ==> 66 36 60 40 29 (0.904553, 2881)
66 ==> 36 60 40 29 52 58 (0.953327, 2880)
36 ==> 66 60 40 29 52 58 (0.929332, 2880)
60 ==> 66 36 40 29 52 58 (0.914576, 2880)
40 ==> 66 36 60 29 52 58 (0.908517, 2880)
29 ==> 66 36 60 40 52 58 (0.905376, 2880)
52 ==> 66 36 60 40 29 58 (0.904239, 2880)
58 ==> 66 36 60 40 29 52 (0.901408, 2880)
66 ==> 36 60 40 29 58 (0.956968, 2891)
36 ==> 66 60 40 29 58 (0.932882, 2891)
60 ==> 66 36 40 29 58 (0.918069, 2891)
40 ==> 66 36 60 29 58 (0.911987, 2891)
29 ==> 66 36 60 40 58 (0.908834, 2891)
58 ==> 66 36 60 40 29 (0.904851, 2891)
66 ==> 36 60 40 52 (0.956306, 2889)
36 ==> 66 60 40 52 (0.932236, 2889)
60 ==> 66 36 40 52 (0.917434, 2889)
40 ==> 66 36 60 52 (0.911356, 2889)
52 ==> 66 36 60 40 (0.907064, 2889)
66 ==> 36 60 40 52 58 (0.955975, 2888)
36 ==> 66 60 40 52 58 (0.931914, 2888)
60 ==> 66 36 40 52 58 (0.917117, 2888)
40 ==> 66 36 60 52 58 (0.911041, 2888)
52 ==> 66 36 60 40 58 (0.90675, 2888)
58 ==> 66 36 60 40 52 (0.903912, 2888)
66 ==> 36 60 40 58 (0.959616, 2899)
36 ==> 66 60 40 58 (0.935463, 2899)
60 ==> 66 36 40 58 (0.92061, 2899)
40 ==> 66 36 60 58 (0.914511, 2899)
58 ==> 66 36 60 40 (0.907355, 2899)
66 ==> 36 60 29 (0.965243, 2916)
36 ==> 66 60 29 (0.940949, 2916)
60 ==> 66 36 29 (0.926008, 2916)
29 ==> 66 36 60 (0.916693, 2916)
66 ==> 36 60 29 52 (0.961602, 2905)
36 ==> 66 60 29 52 (0.937399, 2905)
60 ==> 66 36 29 52 (0.922515, 2905)
29 ==> 66 36 60 52 (0.913235, 2905)
52 ==> 66 36 60 29 (0.912088, 2905)
66 ==> 36 60 29 52 58 (0.961271, 2904)
36 ==> 66 60 29 52 58 (0.937076, 2904)
60 ==> 66 36 29 52 58 (0.922198, 2904)
29 ==> 66 36 60 52 58 (0.91292, 2904)
52 ==> 66 36 60 29 58 (0.911774, 2904)
58 ==> 66 36 60 29 52 (0.90892, 2904)
66 ==> 36 60 29 58 (0.964912, 2915)
36 ==> 66 60 29 58 (0.940626, 2915)
60 ==> 66 36 29 58 (0.925691, 2915)
29 ==> 66 36 60 58 (0.916378, 2915)
58 ==> 66 36 60 29 (0.912363, 2915)
66 ==> 36 60 52 (0.96425, 2913)
36 ==> 66 60 52 (0.939981, 2913)
60 ==> 66 36 52 (0.925056, 2913)
52 ==> 66 36 60 (0.9146, 2913)
66 ==> 36 60 52 58 (0.963919, 2912)
36 ==> 66 60 52 58 (0.939658, 2912)
60 ==> 66 36 52 58 (0.924738, 2912)
52 ==> 66 36 60 58 (0.914286, 2912)
58 ==> 66 36 60 52 (0.911424, 2912)
66 ==> 36 60 58 (0.96756, 2923)
36 ==> 66 60 58 (0.943207, 2923)
60 ==> 66 36 58 (0.928231, 2923)
58 ==> 66 36 60 (0.914867, 2923)
66 ==> 36 40 (0.959947, 2900)
36 ==> 66 40 (0.935786, 2900)
40 ==> 66 36 (0.914826, 2900)
66 ==> 36 40 29 (0.957299, 2892)
36 ==> 66 40 29 (0.933204, 2892)
40 ==> 66 36 29 (0.912303, 2892)
29 ==> 66 36 40 (0.909148, 2892)
66 ==> 36 40 29 52 (0.953658, 2881)
36 ==> 66 40 29 52 (0.929655, 2881)
40 ==> 66 36 29 52 (0.908833, 2881)
29 ==> 66 36 40 52 (0.90569, 2881)
52 ==> 66 36 40 29 (0.904553, 2881)
66 ==> 36 40 29 52 58 (0.953327, 2880)
36 ==> 66 40 29 52 58 (0.929332, 2880)
40 ==> 66 36 29 52 58 (0.908517, 2880)
29 ==> 66 36 40 52 58 (0.905376, 2880)
52 ==> 66 36 40 29 58 (0.904239, 2880)
58 ==> 66 36 40 29 52 (0.901408, 2880)
66 ==> 36 40 29 58 (0.956968, 2891)
36 ==> 66 40 29 58 (0.932882, 2891)
40 ==> 66 36 29 58 (0.911987, 2891)
29 ==> 66 36 40 58 (0.908834, 2891)
58 ==> 66 36 40 29 (0.904851, 2891)
66 ==> 36 40 52 (0.956306, 2889)
36 ==> 66 40 52 (0.932236, 2889)
40 ==> 66 36 52 (0.911356, 2889)
52 ==> 66 36 40 (0.907064, 2889)
66 ==> 36 40 52 58 (0.955975, 2888)
36 ==> 66 40 52 58 (0.931914, 2888)
40 ==> 66 36 52 58 (0.911041, 2888)
52 ==> 66 36 40 58 (0.90675, 2888)
58 ==> 66 36 40 52 (0.903912, 2888)
66 ==> 36 40 58 (0.959616, 2899)
36 ==> 66 40 58 (0.935463, 2899)
40 ==> 66 36 58 (0.914511, 2899)
58 ==> 66 36 40 (0.907355, 2899)
66 ==> 36 29 (0.965243, 2916)
36 ==> 66 29 (0.940949, 2916)
29 ==> 66 36 (0.916693, 2916)
66 ==> 36 29 52 (0.961602, 2905)
36 ==> 66 29 52 (0.937399, 2905)
29 ==> 66 36 52 (0.913235, 2905)
52 ==> 66 36 29 (0.912088, 2905)
66 ==> 36 29 52 58 (0.961271, 2904)
36 ==> 66 29 52 58 (0.937076, 2904)
29 ==> 66 36 52 58 (0.91292, 2904)
52 ==> 66 36 29 58 (0.911774, 2904)
58 ==> 66 36 29 52 (0.90892, 2904)
66 ==> 36 29 58 (0.964912, 2915)
36 ==> 66 29 58 (0.940626, 2915)
29 ==> 66 36 58 (0.916378, 2915)
58 ==> 66 36 29 (0.912363, 2915)
66 ==> 36 52 (0.96425, 2913)
36 ==> 66 52 (0.939981, 2913)
52 ==> 66 36 (0.9146, 2913)
66 ==> 36 52 58 (0.963919, 2912)
36 ==> 66 52 58 (0.939658, 2912)
52 ==> 66 36 58 (0.914286, 2912)
58 ==> 66 36 52 (0.911424, 2912)
66 ==> 36 58 (0.96756, 2923)
36 ==> 66 58 (0.943207, 2923)
58 ==> 66 36 (0.914867, 2923)
66 ==> 60 (1, 3021)
60 ==> 66 (0.959352, 3021)
66 ==> 60 40 (0.992056, 2997)
60 ==> 66 40 (0.951731, 2997)
40 ==> 66 60 (0.945426, 2997)
66 ==> 60 40 29 (0.989407, 2989)
60 ==> 66 40 29 (0.94919, 2989)
40 ==> 66 60 29 (0.942902, 2989)
29 ==> 66 60 40 (0.939642, 2989)
66 ==> 60 40 29 52 (0.985766, 2978)
60 ==> 66 40 29 52 (0.945697, 2978)
40 ==> 66 60 29 52 (0.939432, 2978)
29 ==> 66 60 40 52 (0.936184, 2978)
52 ==> 66 60 40 29 (0.935008, 2978)
66 ==> 60 40 29 52 58 (0.985435, 2977)
60 ==> 66 40 29 52 58 (0.945379, 2977)
40 ==> 66 60 29 52 58 (0.939117, 2977)
29 ==> 66 60 40 52 58 (0.935869, 2977)
52 ==> 66 60 40 29 58 (0.934694, 2977)
58 ==> 66 60 40 29 52 (0.931768, 2977)
66 ==> 60 40 29 58 (0.989076, 2988)
60 ==> 66 40 29 58 (0.948873, 2988)
40 ==> 66 60 29 58 (0.942587, 2988)
29 ==> 66 60 40 58 (0.939327, 2988)
58 ==> 66 60 40 29 (0.935211, 2988)
66 ==> 60 40 52 (0.988414, 2986)
60 ==> 66 40 52 (0.948238, 2986)
40 ==> 66 60 52 (0.941956, 2986)
52 ==> 66 60 40 (0.93752, 2986)
66 ==> 60 40 52 58 (0.988083, 2985)
60 ==> 66 40 52 58 (0.94792, 2985)
40 ==> 66 60 52 58 (0.94164, 2985)
52 ==> 66 60 40 58 (0.937206, 2985)
58 ==> 66 60 40 52 (0.934272, 2985)
66 ==> 60 40 58 (0.991725, 2996)
60 ==> 66 40 58 (0.951413, 2996)
40 ==> 66 60 58 (0.94511, 2996)
58 ==> 66 60 40 (0.937715, 2996)
66 ==> 60 29 (0.997352, 3013)
60 ==> 66 29 (0.956812, 3013)
29 ==> 66 60 (0.947186, 3013)
66 ==> 60 29 52 (0.993711, 3002)
60 ==> 66 29 52 (0.953319, 3002)
29 ==> 66 60 52 (0.943728, 3002)
52 ==> 66 60 29 (0.942543, 3002)
66 ==> 60 29 52 58 (0.99338, 3001)
60 ==> 66 29 52 58 (0.953001, 3001)
29 ==> 66 60 52 58 (0.943414, 3001)
52 ==> 66 60 29 58 (0.942229, 3001)
58 ==> 66 60 29 52 (0.93928, 3001)
66 ==> 60 29 58 (0.997021, 3012)
60 ==> 66 29 58 (0.956494, 3012)
29 ==> 66 60 58 (0.946872, 3012)
58 ==> 66 60 29 (0.942723, 3012)
66 ==> 60 52 (0.996359, 3010)
60 ==> 66 52 (0.955859, 3010)
52 ==> 66 60 (0.945055, 3010)
66 ==> 60 52 58 (0.996028, 3009)
60 ==> 66 52 58 (0.955541, 3009)
52 ==> 66 60 58 (0.944741, 3009)
58 ==> 66 60 52 (0.941784, 3009)
66 ==> 60 58 (0.999669, 3020)
60 ==> 66 58 (0.959035, 3020)
58 ==> 66 60 (0.945227, 3020)
66 ==> 40 (0.992056, 2997)
40 ==> 66 (0.945426, 2997)
66 ==> 40 29 (0.989407, 2989)
40 ==> 66 29 (0.942902, 2989)
29 ==> 66 40 (0.939642, 2989)
66 ==> 40 29 52 (0.985766, 2978)
40 ==> 66 29 52 (0.939432, 2978)
29 ==> 66 40 52 (0.936184, 2978)
52 ==> 66 40 29 (0.935008, 2978)
66 ==> 40 29 52 58 (0.985435, 2977)
40 ==> 66 29 52 58 (0.939117, 2977)
29 ==> 66 40 52 58 (0.935869, 2977)
52 ==> 66 40 29 58 (0.934694, 2977)
58 ==> 66 40 29 52 (0.931768, 2977)
66 ==> 40 29 58 (0.989076, 2988)
40 ==> 66 29 58 (0.942587, 2988)
29 ==> 66 40 58 (0.939327, 2988)
58 ==> 66 40 29 (0.935211, 2988)
66 ==> 40 52 (0.988414, 2986)
40 ==> 66 52 (0.941956, 2986)
52 ==> 66 40 (0.93752, 2986)
66 ==> 40 52 58 (0.988083, 2985)
40 ==> 66 52 58 (0.94164, 2985)
52 ==> 66 40 58 (0.937206, 2985)
58 ==> 66 40 52 (0.934272, 2985)
66 ==> 40 58 (0.991725, 2996)
40 ==> 66 58 (0.94511, 2996)
58 ==> 66 40 (0.937715, 2996)
66 ==> 29 (0.997352, 3013)
29 ==> 66 (0.947186, 3013)
66 ==> 29 52 (0.993711, 3002)
29 ==> 66 52 (0.943728, 3002)
52 ==> 66 29 (0.942543, 3002)
66 ==> 29 52 58 (0.99338, 3001)
29 ==> 66 52 58 (0.943414, 3001)
52 ==> 66 29 58 (0.942229, 3001)
58 ==> 66 29 52 (0.93928, 3001)
66 ==> 29 58 (0.997021, 3012)
29 ==> 66 58 (0.946872, 3012)
58 ==> 66 29 (0.942723, 3012)
66 ==> 52 (0.996359, 3010)
52 ==> 66 (0.945055, 3010)
66 ==> 52 58 (0.996028, 3009)
52 ==> 66 58 (0.944741, 3009)
58 ==> 66 52 (0.941784, 3009)
66 ==> 58 (0.999669, 3020)
58 ==> 66 (0.945227, 3020)
34 ==> 62 (0.958224, 2913)
62 ==> 34 (0.951961, 2913)
34 ==> 62 40 (0.954276, 2901)
62 ==> 34 40 (0.948039, 2901)
40 ==> 34 62 (0.915142, 2901)
34 ==> 62 40 29 (0.952961, 2897)
62 ==> 34 40 29 (0.946732, 2897)
40 ==> 34 62 29 (0.91388, 2897)
29 ==> 34 62 40 (0.91072, 2897)
34 ==> 62 40 29 52 (0.95, 2888)
62 ==> 34 40 29 52 (0.943791, 2888)
40 ==> 34 62 29 52 (0.911041, 2888)
29 ==> 34 62 40 52 (0.907891, 2888)
52 ==> 34 62 40 29 (0.90675, 2888)
34 ==> 62 40 29 52 58 (0.95, 2888)
62 ==> 34 40 29 52 58 (0.943791, 2888)
40 ==> 34 62 29 52 58 (0.911041, 2888)
29 ==> 34 62 40 52 58 (0.907891, 2888)
52 ==> 34 62 40 29 58 (0.90675, 2888)
58 ==> 34 62 40 29 52 (0.903912, 2888)
34 ==> 62 40 29 58 (0.952961, 2897)
62 ==> 34 40 29 58 (0.946732, 2897)
40 ==> 34 62 29 58 (0.91388, 2897)
29 ==> 34 62 40 58 (0.91072, 2897)
58 ==> 34 62 40 29 (0.906729, 2897)
34 ==> 62 40 52 (0.951316, 2892)
62 ==> 34 40 52 (0.945098, 2892)
40 ==> 34 62 52 (0.912303, 2892)
52 ==> 34 62 40 (0.908006, 2892)
34 ==> 62 40 52 58 (0.951316, 2892)
62 ==> 34 40 52 58 (0.945098, 2892)
40 ==> 34 62 52 58 (0.912303, 2892)
52 ==> 34 62 40 58 (0.908006, 2892)
58 ==> 34 62 40 52 (0.905164, 2892)
34 ==> 62 40 58 (0.954276, 2901)
62 ==> 34 40 58 (0.948039, 2901)
40 ==> 34 62 58 (0.915142, 2901)
58 ==> 34 62 40 (0.907981, 2901)
34 ==> 62 29 (0.956908, 2909)
62 ==> 34 29 (0.950654, 2909)
29 ==> 34 62 (0.914492, 2909)
34 ==> 62 29 52 (0.953947, 2900)
62 ==> 34 29 52 (0.947712, 2900)
29 ==> 34 62 52 (0.911663, 2900)
52 ==> 34 62 29 (0.910518, 2900)
34 ==> 62 29 52 58 (0.953947, 2900)
62 ==> 34 29 52 58 (0.947712, 2900)
29 ==> 34 62 52 58 (0.911663, 2900)
52 ==> 34 62 29 58 (0.910518, 2900)
58 ==> 34 62 29 52 (0.907668, 2900)
34 ==> 62 29 58 (0.956908, 2909)
62 ==> 34 29 58 (0.950654, 2909)
29 ==> 34 62 58 (0.914492, 2909)
58 ==> 34 62 29 (0.910485, 2909)
34 ==> 62 52 (0.955263, 2904)
62 ==> 34 52 (0.94902, 2904)
52 ==> 34 62 (0.911774, 2904)
34 ==> 62 52 58 (0.955263, 2904)
62 ==> 34 52 58 (0.94902, 2904)
52 ==> 34 62 58 (0.911774, 2904)
58 ==> 34 62 52 (0.90892, 2904)
34 ==> 62 58 (0.958224, 2913)
62 ==> 34 58 (0.951961, 2913)
58 ==> 34 62 (0.911737, 2913)
34 ==> 7 (0.963816, 2930)
7 ==> 34 (0.952536, 2930)
34 ==> 7 60 (0.949013, 2885)
7 ==> 34 60 (0.937906, 2885)
60 ==> 34 7 (0.916164, 2885)
34 ==> 7 60 29 (0.948355, 2883)
7 ==> 34 60 29 (0.937256, 2883)
60 ==> 34 7 29 (0.915529, 2883)
29 ==> 34 7 60 (0.906319, 2883)
34 ==> 7 60 29 58 (0.948026, 2882)
7 ==> 34 60 29 58 (0.936931, 2882)
60 ==> 34 7 29 58 (0.915211, 2882)
29 ==> 34 7 60 58 (0.906004, 2882)
58 ==> 34 7 60 29 (0.902034, 2882)
34 ==> 7 60 58 (0.948684, 2884)
7 ==> 34 60 58 (0.937581, 2884)
60 ==> 34 7 58 (0.915846, 2884)
58 ==> 34 7 60 (0.90266, 2884)
34 ==> 7 40 (0.95625, 2907)
7 ==> 34 40 (0.945059, 2907)
40 ==> 34 7 (0.917035, 2907)
34 ==> 7 40 29 (0.955592, 2905)
7 ==> 34 40 29 (0.944408, 2905)
40 ==> 34 7 29 (0.916404, 2905)
29 ==> 34 7 40 (0.913235, 2905)
34 ==> 7 40 29 52 (0.952632, 2896)
7 ==> 34 40 29 52 (0.941482, 2896)
40 ==> 34 7 29 52 (0.913565, 2896)
29 ==> 34 7 40 52 (0.910406, 2896)
52 ==> 34 7 40 29 (0.909262, 2896)
34 ==> 7 40 29 52 58 (0.952303, 2895)
7 ==> 34 40 29 52 58 (0.941157, 2895)
40 ==> 34 7 29 52 58 (0.913249, 2895)
29 ==> 34 7 40 52 58 (0.910091, 2895)
52 ==> 34 7 40 29 58 (0.908948, 2895)
58 ==> 34 7 40 29 52 (0.906103, 2895)
34 ==> 7 40 29 58 (0.955263, 2904)
7 ==> 34 40 29 58 (0.944083, 2904)
40 ==> 34 7 29 58 (0.916088, 2904)
29 ==> 34 7 40 58 (0.91292, 2904)
58 ==> 34 7 40 29 (0.90892, 2904)
34 ==> 7 40 52 (0.953289, 2898)
7 ==> 34 40 52 (0.942133, 2898)
40 ==> 34 7 52 (0.914196, 2898)
52 ==> 34 7 40 (0.90989, 2898)
34 ==> 7 40 52 58 (0.952961, 2897)
7 ==> 34 40 52 58 (0.941808, 2897)
40 ==> 34 7 52 58 (0.91388, 2897)
52 ==> 34 7 40 58 (0.909576, 2897)
58 ==> 34 7 40 52 (0.906729, 2897)
34 ==> 7 40 58 (0.955921, 2906)
7 ==> 34 40 58 (0.944733, 2906)
40 ==> 34 7 58 (0.916719, 2906)
58 ==> 34 7 40 (0.909546, 2906)
34 ==> 7 29 (0.963158, 2928)
7 ==> 34 29 (0.951886, 2928)
29 ==> 34 7 (0.920465, 2928)
34 ==> 7 29 52 (0.960197, 2919)
7 ==> 34 29 52 (0.94896, 2919)
29 ==> 34 7 52 (0.917636, 2919)
52 ==> 34 7 29 (0.916484, 2919)
34 ==> 7 29 52 58 (0.959868, 2918)
7 ==> 34 29 52 58 (0.948635, 2918)
29 ==> 34 7 52 58 (0.917322, 2918)
52 ==> 34 7 29 58 (0.91617, 2918)
58 ==> 34 7 29 52 (0.913302, 2918)
34 ==> 7 29 58 (0.962829, 2927)
7 ==> 34 29 58 (0.95156, 2927)
29 ==> 34 7 58 (0.920151, 2927)
58 ==> 34 7 29 (0.916119, 2927)
34 ==> 7 52 (0.960855, 2921)
7 ==> 34 52 (0.94961, 2921)
52 ==> 34 7 (0.917111, 2921)
34 ==> 7 52 58 (0.960526, 2920)
7 ==> 34 52 58 (0.949285, 2920)
52 ==> 34 7 58 (0.916797, 2920)
58 ==> 34 7 52 (0.913928, 2920)
34 ==> 7 58 (0.963487, 2929)
7 ==> 34 58 (0.952211, 2929)
58 ==> 34 7 (0.916745, 2929)
34 ==> 36 (0.968092, 2943)
36 ==> 34 (0.949661, 2943)
34 ==> 36 60 (0.953289, 2898)
36 ==> 34 60 (0.93514, 2898)
60 ==> 34 36 (0.920292, 2898)
34 ==> 36 60 29 (0.951974, 2894)
36 ==> 34 60 29 (0.93385, 2894)
60 ==> 34 36 29 (0.919022, 2894)
29 ==> 34 36 60 (0.909777, 2894)
34 ==> 36 60 29 52 (0.949013, 2885)
36 ==> 34 60 29 52 (0.930945, 2885)
60 ==> 34 36 29 52 (0.916164, 2885)
29 ==> 34 36 60 52 (0.906948, 2885)
52 ==> 34 36 60 29 (0.905808, 2885)
34 ==> 36 60 29 52 58 (0.948684, 2884)
36 ==> 34 60 29 52 58 (0.930623, 2884)
60 ==> 34 36 29 52 58 (0.915846, 2884)
29 ==> 34 36 60 52 58 (0.906633, 2884)
52 ==> 34 36 60 29 58 (0.905495, 2884)
58 ==> 34 36 60 29 52 (0.90266, 2884)
34 ==> 36 60 29 58 (0.951645, 2893)
36 ==> 34 60 29 58 (0.933527, 2893)
60 ==> 34 36 29 58 (0.918704, 2893)
29 ==> 34 36 60 58 (0.909462, 2893)
58 ==> 34 36 60 29 (0.905477, 2893)
34 ==> 36 60 52 (0.950329, 2889)
36 ==> 34 60 52 (0.932236, 2889)
60 ==> 34 36 52 (0.917434, 2889)
52 ==> 34 36 60 (0.907064, 2889)
34 ==> 36 60 52 58 (0.95, 2888)
36 ==> 34 60 52 58 (0.931914, 2888)
60 ==> 34 36 52 58 (0.917117, 2888)
52 ==> 34 36 60 58 (0.90675, 2888)
58 ==> 34 36 60 52 (0.903912, 2888)
34 ==> 36 60 58 (0.952961, 2897)
36 ==> 34 60 58 (0.934818, 2897)
60 ==> 34 36 58 (0.919975, 2897)
58 ==> 34 36 60 (0.906729, 2897)
34 ==> 36 40 (0.960526, 2920)
36 ==> 34 40 (0.942239, 2920)
40 ==> 34 36 (0.921136, 2920)
34 ==> 36 40 29 (0.959211, 2916)
36 ==> 34 40 29 (0.940949, 2916)
40 ==> 34 36 29 (0.919874, 2916)
29 ==> 34 36 40 (0.916693, 2916)
34 ==> 36 40 29 52 (0.95625, 2907)
36 ==> 34 40 29 52 (0.938045, 2907)
40 ==> 34 36 29 52 (0.917035, 2907)
29 ==> 34 36 40 52 (0.913864, 2907)
52 ==> 34 36 40 29 (0.912716, 2907)
34 ==> 36 40 29 52 58 (0.955921, 2906)
36 ==> 34 40 29 52 58 (0.937722, 2906)
40 ==> 34 36 29 52 58 (0.916719, 2906)
29 ==> 34 36 40 52 58 (0.913549, 2906)
52 ==> 34 36 40 29 58 (0.912402, 2906)
58 ==> 34 36 40 29 52 (0.909546, 2906)
34 ==> 36 40 29 58 (0.958882, 2915)
36 ==> 34 40 29 58 (0.940626, 2915)
40 ==> 34 36 29 58 (0.919558, 2915)
29 ==> 34 36 40 58 (0.916378, 2915)
58 ==> 34 36 40 29 (0.912363, 2915)
34 ==> 36 40 52 (0.957566, 2911)
36 ==> 34 40 52 (0.939335, 2911)
40 ==> 34 36 52 (0.918297, 2911)
52 ==> 34 36 40 (0.913972, 2911)
34 ==> 36 40 52 58 (0.957237, 2910)
36 ==> 34 40 52 58 (0.939013, 2910)
40 ==> 34 36 52 58 (0.917981, 2910)
52 ==> 34 36 40 58 (0.913658, 2910)
58 ==> 34 36 40 52 (0.910798, 2910)
34 ==> 36 40 58 (0.960197, 2919)
36 ==> 34 40 58 (0.941917, 2919)
40 ==> 34 36 58 (0.92082, 2919)
58 ==> 34 36 40 (0.913615, 2919)
34 ==> 36 29 (0.966776, 2939)
36 ==> 34 29 (0.94837, 2939)
29 ==> 34 36 (0.923923, 2939)
34 ==> 36 29 52 (0.963816, 2930)
36 ==> 34 29 52 (0.945466, 2930)
29 ==> 34 36 52 (0.921094, 2930)
52 ==> 34 36 29 (0.919937, 2930)
34 ==> 36 29 52 58 (0.963487, 2929)
36 ==> 34 29 52 58 (0.945144, 2929)
29 ==> 34 36 52 58 (0.92078, 2929)
52 ==> 34 36 29 58 (0.919623, 2929)
58 ==> 34 36 29 52 (0.916745, 2929)
34 ==> 36 29 58 (0.966447, 2938)
36 ==> 34 29 58 (0.948048, 2938)
29 ==> 34 36 58 (0.923609, 2938)
58 ==> 34 36 29 (0.919562, 2938)
34 ==> 36 52 (0.965132, 2934)
36 ==> 34 52 (0.946757, 2934)
52 ==> 34 36 (0.921193, 2934)
34 ==> 36 52 58 (0.964803, 2933)
36 ==> 34 52 58 (0.946434, 2933)
52 ==> 34 36 58 (0.920879, 2933)
58 ==> 34 36 52 (0.917997, 2933)
34 ==> 36 58 (0.967763, 2942)
36 ==> 34 58 (0.949338, 2942)
58 ==> 34 36 (0.920814, 2942)
34 ==> 60 (0.985197, 2995)
60 ==> 34 (0.951096, 2995)
34 ==> 60 40 (0.977961, 2973)
60 ==> 34 40 (0.944109, 2973)
40 ==> 34 60 (0.937855, 2973)
34 ==> 60 40 29 (0.976645, 2969)
60 ==> 34 40 29 (0.942839, 2969)
40 ==> 34 60 29 (0.936593, 2969)
29 ==> 34 60 40 (0.933354, 2969)
34 ==> 60 40 29 52 (0.973684, 2960)
60 ==> 34 40 29 52 (0.939981, 2960)
40 ==> 34 60 29 52 (0.933754, 2960)
29 ==> 34 60 40 52 (0.930525, 2960)
52 ==> 34 60 40 29 (0.929356, 2960)
34 ==> 60 40 29 52 58 (0.973355, 2959)
60 ==> 34 40 29 52 58 (0.939663, 2959)
40 ==> 34 60 29 52 58 (0.933438, 2959)
29 ==> 34 60 40 52 58 (0.930211, 2959)
52 ==> 34 60 40 29 58 (0.929042, 2959)
58 ==> 34 60 40 29 52 (0.926135, 2959)
34 ==> 60 40 29 58 (0.976316, 2968)
60 ==> 34 40 29 58 (0.942521, 2968)
40 ==> 34 60 29 58 (0.936278, 2968)
29 ==> 34 60 40 58 (0.93304, 2968)
58 ==> 34 60 40 29 (0.928951, 2968)
34 ==> 60 40 52 (0.975, 2964)
60 ==> 34 40 52 (0.941251, 2964)
40 ==> 34 60 52 (0.935016, 2964)
52 ==> 34 60 40 (0.930612, 2964)
34 ==> 60 40 52 58 (0.974671, 2963)
60 ==> 34 40 52 58 (0.940934, 2963)
40 ==> 34 60 52 58 (0.9347, 2963)
52 ==> 34 60 40 58 (0.930298, 2963)
58 ==> 34 60 40 52 (0.927387, 2963)
34 ==> 60 40 58 (0.977632, 2972)
60 ==> 34 40 58 (0.943792, 2972)
40 ==> 34 60 58 (0.937539, 2972)
58 ==> 34 60 40 (0.930203, 2972)
34 ==> 60 29 (0.983882, 2991)
60 ==> 34 29 (0.949825, 2991)
29 ==> 34 60 (0.94027, 2991)
34 ==> 60 29 52 (0.980921, 2982)
60 ==> 34 29 52 (0.946967, 2982)
29 ==> 34 60 52 (0.937441, 2982)
52 ==> 34 60 29 (0.936264, 2982)
34 ==> 60 29 52 58 (0.980592, 2981)
60 ==> 34 29 52 58 (0.94665, 2981)
29 ==> 34 60 52 58 (0.937127, 2981)
52 ==> 34 60 29 58 (0.93595, 2981)
58 ==> 34 60 29 52 (0.93302, 2981)
34 ==> 60 29 58 (0.983553, 2990)
60 ==> 34 29 58 (0.949508, 2990)
29 ==> 34 60 58 (0.939956, 2990)
58 ==> 34 60 29 (0.935837, 2990)
34 ==> 60 52 (0.982237, 2986)
60 ==> 34 52 (0.948238, 2986)
52 ==> 34 60 (0.93752, 2986)
34 ==> 60 52 58 (0.981908, 2985)
60 ==> 34 52 58 (0.94792, 2985)
52 ==> 34 60 58 (0.937206, 2985)
58 ==> 34 60 52 (0.934272, 2985)
34 ==> 60 58 (0.984868, 2994)
60 ==> 34 58 (0.950778, 2994)
58 ==> 34 60 (0.937089, 2994)
34 ==> 40 (0.992434, 3017)
40 ==> 34 (0.951735, 3017)
34 ==> 40 29 (0.991118, 3013)
40 ==> 34 29 (0.950473, 3013)
29 ==> 34 40 (0.947186, 3013)
34 ==> 40 29 52 (0.988158, 3004)
40 ==> 34 29 52 (0.947634, 3004)
29 ==> 34 40 52 (0.944357, 3004)
52 ==> 34 40 29 (0.943171, 3004)
34 ==> 40 29 52 58 (0.987829, 3003)
40 ==> 34 29 52 58 (0.947319, 3003)
29 ==> 34 40 52 58 (0.944043, 3003)
52 ==> 34 40 29 58 (0.942857, 3003)
58 ==> 34 40 29 52 (0.939906, 3003)
34 ==> 40 29 58 (0.990789, 3012)
40 ==> 34 29 58 (0.950158, 3012)
29 ==> 34 40 58 (0.946872, 3012)
58 ==> 34 40 29 (0.942723, 3012)
34 ==> 40 52 (0.989474, 3008)
40 ==> 34 52 (0.948896, 3008)
52 ==> 34 40 (0.944427, 3008)
34 ==> 40 52 58 (0.989145, 3007)
40 ==> 34 52 58 (0.94858, 3007)
52 ==> 34 40 58 (0.944113, 3007)
58 ==> 34 40 52 (0.941158, 3007)
34 ==> 40 58 (0.992105, 3016)
40 ==> 34 58 (0.95142, 3016)
58 ==> 34 40 (0.943975, 3016)
34 ==> 29 (0.998684, 3036)
29 ==> 34 (0.954417, 3036)
34 ==> 29 52 (0.995724, 3027)
29 ==> 34 52 (0.951588, 3027)
52 ==> 34 29 (0.950392, 3027)
34 ==> 29 52 58 (0.995395, 3026)
29 ==> 34 52 58 (0.951273, 3026)
52 ==> 34 29 58 (0.950078, 3026)
58 ==> 34 29 52 (0.947105, 3026)
34 ==> 29 58 (0.998355, 3035)
29 ==> 34 58 (0.954102, 3035)
58 ==> 34 29 (0.949922, 3035)
34 ==> 52 (0.997039, 3031)
52 ==> 34 (0.951648, 3031)
34 ==> 52 58 (0.996711, 3030)
52 ==> 34 58 (0.951334, 3030)
58 ==> 34 52 (0.948357, 3030)
34 ==> 58 (0.999671, 3039)
58 ==> 34 (0.951174, 3039)
62 ==> 7 (0.960784, 2940)
7 ==> 62 (0.955787, 2940)
62 ==> 7 60 (0.946405, 2896)
7 ==> 62 60 (0.941482, 2896)
60 ==> 62 7 (0.919657, 2896)
62 ==> 7 60 40 (0.941503, 2881)
7 ==> 62 60 40 (0.936606, 2881)
60 ==> 62 7 40 (0.914894, 2881)
40 ==> 62 7 60 (0.908833, 2881)
62 ==> 7 60 40 58 (0.941503, 2881)
7 ==> 62 60 40 58 (0.936606, 2881)
60 ==> 62 7 40 58 (0.914894, 2881)
40 ==> 62 7 60 58 (0.908833, 2881)
58 ==> 62 7 60 40 (0.901721, 2881)
62 ==> 7 60 29 (0.944118, 2889)
7 ==> 62 60 29 (0.939207, 2889)
60 ==> 62 7 29 (0.917434, 2889)
29 ==> 62 7 60 (0.908205, 2889)
62 ==> 7 60 29 52 (0.940523, 2878)
7 ==> 62 60 29 52 (0.935631, 2878)
60 ==> 62 7 29 52 (0.913941, 2878)
29 ==> 62 7 60 52 (0.904747, 2878)
52 ==> 62 7 60 29 (0.903611, 2878)
62 ==> 7 60 29 52 58 (0.940523, 2878)
7 ==> 62 60 29 52 58 (0.935631, 2878)
60 ==> 62 7 29 52 58 (0.913941, 2878)
29 ==> 62 7 60 52 58 (0.904747, 2878)
52 ==> 62 7 60 29 58 (0.903611, 2878)
58 ==> 62 7 60 29 52 (0.900782, 2878)
62 ==> 7 60 29 58 (0.944118, 2889)
7 ==> 62 60 29 58 (0.939207, 2889)
60 ==> 62 7 29 58 (0.917434, 2889)
29 ==> 62 7 60 58 (0.908205, 2889)
58 ==> 62 7 60 29 (0.904225, 2889)
62 ==> 7 60 52 (0.94281, 2885)
7 ==> 62 60 52 (0.937906, 2885)
60 ==> 62 7 52 (0.916164, 2885)
52 ==> 62 7 60 (0.905808, 2885)
62 ==> 7 60 52 58 (0.94281, 2885)
7 ==> 62 60 52 58 (0.937906, 2885)
60 ==> 62 7 52 58 (0.916164, 2885)
52 ==> 62 7 60 58 (0.905808, 2885)
58 ==> 62 7 60 52 (0.902973, 2885)
62 ==> 7 60 58 (0.946405, 2896)
7 ==> 62 60 58 (0.941482, 2896)
60 ==> 62 7 58 (0.919657, 2896)
58 ==> 62 7 60 (0.906416, 2896)
62 ==> 7 40 (0.955882, 2925)
7 ==> 62 40 (0.95091, 2925)
40 ==> 62 7 (0.922713, 2925)
62 ==> 7 40 29 (0.953595, 2918)
7 ==> 62 40 29 (0.948635, 2918)
40 ==> 62 7 29 (0.920505, 2918)
29 ==> 62 7 40 (0.917322, 2918)
62 ==> 7 40 29 52 (0.95, 2907)
7 ==> 62 40 29 52 (0.945059, 2907)
40 ==> 62 7 29 52 (0.917035, 2907)
29 ==> 62 7 40 52 (0.913864, 2907)
52 ==> 62 7 40 29 (0.912716, 2907)
62 ==> 7 40 29 52 58 (0.95, 2907)
7 ==> 62 40 29 52 58 (0.945059, 2907)
40 ==> 62 7 29 52 58 (0.917035, 2907)
29 ==> 62 7 40 52 58 (0.913864, 2907)
52 ==> 62 7 40 29 58 (0.912716, 2907)
58 ==> 62 7 40 29 52 (0.909859, 2907)
62 ==> 7 40 29 58 (0.953595, 2918)
7 ==> 62 40 29 58 (0.948635, 2918)
40 ==> 62 7 29 58 (0.920505, 2918)
29 ==> 62 7 40 58 (0.917322, 2918)
58 ==> 62 7 40 29 (0.913302, 2918)
62 ==> 7 40 52 (0.952288, 2914)
7 ==> 62 40 52 (0.947334, 2914)
40 ==> 62 7 52 (0.919243, 2914)
52 ==> 62 7 40 (0.914914, 2914)
62 ==> 7 40 52 58 (0.952288, 2914)
7 ==> 62 40 52 58 (0.947334, 2914)
40 ==> 62 7 52 58 (0.919243, 2914)
52 ==> 62 7 40 58 (0.914914, 2914)
58 ==> 62 7 40 52 (0.91205, 2914)
62 ==> 7 40 58 (0.955882, 2925)
7 ==> 62 40 58 (0.95091, 2925)
40 ==> 62 7 58 (0.922713, 2925)
58 ==> 62 7 40 (0.915493, 2925)
62 ==> 7 29 (0.958497, 2933)
7 ==> 62 29 (0.953511, 2933)
29 ==> 62 7 (0.922037, 2933)
62 ==> 7 29 52 (0.954902, 2922)
7 ==> 62 29 52 (0.949935, 2922)
29 ==> 62 7 52 (0.918579, 2922)
52 ==> 62 7 29 (0.917425, 2922)
62 ==> 7 29 52 58 (0.954902, 2922)
7 ==> 62 29 52 58 (0.949935, 2922)
29 ==> 62 7 52 58 (0.918579, 2922)
52 ==> 62 7 29 58 (0.917425, 2922)
58 ==> 62 7 29 52 (0.914554, 2922)
62 ==> 7 29 58 (0.958497, 2933)
7 ==> 62 29 58 (0.953511, 2933)
29 ==> 62 7 58 (0.922037, 2933)
58 ==> 62 7 29 (0.917997, 2933)
62 ==> 7 52 (0.95719, 2929)
7 ==> 62 52 (0.952211, 2929)
52 ==> 62 7 (0.919623, 2929)
62 ==> 7 52 58 (0.95719, 2929)
7 ==> 62 52 58 (0.952211, 2929)
52 ==> 62 7 58 (0.919623, 2929)
58 ==> 62 7 52 (0.916745, 2929)
62 ==> 7 58 (0.960784, 2940)
7 ==> 62 58 (0.955787, 2940)
58 ==> 62 7 (0.920188, 2940)
62 ==> 36 (0.968301, 2963)
36 ==> 62 (0.956115, 2963)
62 ==> 36 60 (0.953268, 2917)
36 ==> 62 60 (0.941271, 2917)
60 ==> 62 36 (0.926326, 2917)
62 ==> 36 60 40 (0.948366, 2902)
36 ==> 62 60 40 (0.936431, 2902)
60 ==> 62 36 40 (0.921562, 2902)
40 ==> 62 36 60 (0.915457, 2902)
62 ==> 36 60 40 29 (0.944118, 2889)
36 ==> 62 60 40 29 (0.932236, 2889)
60 ==> 62 36 40 29 (0.917434, 2889)
40 ==> 62 36 60 29 (0.911356, 2889)
29 ==> 62 36 60 40 (0.908205, 2889)
62 ==> 36 60 40 29 52 (0.940523, 2878)
36 ==> 62 60 40 29 52 (0.928687, 2878)
60 ==> 62 36 40 29 52 (0.913941, 2878)
40 ==> 62 36 60 29 52 (0.907886, 2878)
29 ==> 62 36 60 40 52 (0.904747, 2878)
52 ==> 62 36 60 40 29 (0.903611, 2878)
62 ==> 36 60 40 29 52 58 (0.940523, 2878)
36 ==> 62 60 40 29 52 58 (0.928687, 2878)
60 ==> 62 36 40 29 52 58 (0.913941, 2878)
40 ==> 62 36 60 29 52 58 (0.907886, 2878)
29 ==> 62 36 60 40 52 58 (0.904747, 2878)
52 ==> 62 36 60 40 29 58 (0.903611, 2878)
58 ==> 62 36 60 40 29 52 (0.900782, 2878)
62 ==> 36 60 40 29 58 (0.944118, 2889)
36 ==> 62 60 40 29 58 (0.932236, 2889)
60 ==> 62 36 40 29 58 (0.917434, 2889)
40 ==> 62 36 60 29 58 (0.911356, 2889)
29 ==> 62 36 60 40 58 (0.908205, 2889)
58 ==> 62 36 60 40 29 (0.904225, 2889)
62 ==> 36 60 40 52 (0.944771, 2891)
36 ==> 62 60 40 52 (0.932882, 2891)
60 ==> 62 36 40 52 (0.918069, 2891)
40 ==> 62 36 60 52 (0.911987, 2891)
52 ==> 62 36 60 40 (0.907692, 2891)
62 ==> 36 60 40 52 58 (0.944771, 2891)
36 ==> 62 60 40 52 58 (0.932882, 2891)
60 ==> 62 36 40 52 58 (0.918069, 2891)
40 ==> 62 36 60 52 58 (0.911987, 2891)
52 ==> 62 36 60 40 58 (0.907692, 2891)
58 ==> 62 36 60 40 52 (0.904851, 2891)
62 ==> 36 60 40 58 (0.948366, 2902)
36 ==> 62 60 40 58 (0.936431, 2902)
60 ==> 62 36 40 58 (0.921562, 2902)
40 ==> 62 36 60 58 (0.915457, 2902)
58 ==> 62 36 60 40 (0.908294, 2902)
62 ==> 36 60 29 (0.94902, 2904)
36 ==> 62 60 29 (0.937076, 2904)
60 ==> 62 36 29 (0.922198, 2904)
29 ==> 62 36 60 (0.91292, 2904)
62 ==> 36 60 29 52 (0.945425, 2893)
36 ==> 62 60 29 52 (0.933527, 2893)
60 ==> 62 36 29 52 (0.918704, 2893)
29 ==> 62 36 60 52 (0.909462, 2893)
52 ==> 62 36 60 29 (0.90832, 2893)
62 ==> 36 60 29 52 58 (0.945425, 2893)
36 ==> 62 60 29 52 58 (0.933527, 2893)
60 ==> 62 36 29 52 58 (0.918704, 2893)
29 ==> 62 36 60 52 58 (0.909462, 2893)
52 ==> 62 36 60 29 58 (0.90832, 2893)
58 ==> 62 36 60 29 52 (0.905477, 2893)
62 ==> 36 60 29 58 (0.94902, 2904)
36 ==> 62 60 29 58 (0.937076, 2904)
60 ==> 62 36 29 58 (0.922198, 2904)
29 ==> 62 36 60 58 (0.91292, 2904)
58 ==> 62 36 60 29 (0.90892, 2904)
62 ==> 36 60 52 (0.949673, 2906)
36 ==> 62 60 52 (0.937722, 2906)
60 ==> 62 36 52 (0.922833, 2906)
52 ==> 62 36 60 (0.912402, 2906)
62 ==> 36 60 52 58 (0.949673, 2906)
36 ==> 62 60 52 58 (0.937722, 2906)
60 ==> 62 36 52 58 (0.922833, 2906)
52 ==> 62 36 60 58 (0.912402, 2906)
58 ==> 62 36 60 52 (0.909546, 2906)
62 ==> 36 60 58 (0.953268, 2917)
36 ==> 62 60 58 (0.941271, 2917)
60 ==> 62 36 58 (0.926326, 2917)
58 ==> 62 36 60 (0.912989, 2917)
62 ==> 36 40 (0.963399, 2948)
36 ==> 62 40 (0.951275, 2948)
40 ==> 62 36 (0.929968, 2948)
62 ==> 36 40 29 (0.958497, 2933)
36 ==> 62 40 29 (0.946434, 2933)
40 ==> 62 36 29 (0.925237, 2933)
29 ==> 62 36 40 (0.922037, 2933)
62 ==> 36 40 29 52 (0.954902, 2922)
36 ==> 62 40 29 52 (0.942885, 2922)
40 ==> 62 36 29 52 (0.921767, 2922)
29 ==> 62 36 40 52 (0.918579, 2922)
52 ==> 62 36 40 29 (0.917425, 2922)
62 ==> 36 40 29 52 58 (0.954902, 2922)
36 ==> 62 40 29 52 58 (0.942885, 2922)
40 ==> 62 36 29 52 58 (0.921767, 2922)
29 ==> 62 36 40 52 58 (0.918579, 2922)
52 ==> 62 36 40 29 58 (0.917425, 2922)
58 ==> 62 36 40 29 52 (0.914554, 2922)
62 ==> 36 40 29 58 (0.958497, 2933)
36 ==> 62 40 29 58 (0.946434, 2933)
40 ==> 62 36 29 58 (0.925237, 2933)
29 ==> 62 36 40 58 (0.922037, 2933)
58 ==> 62 36 40 29 (0.917997, 2933)
62 ==> 36 40 52 (0.959804, 2937)
36 ==> 62 40 52 (0.947725, 2937)
40 ==> 62 36 52 (0.926498, 2937)
52 ==> 62 36 40 (0.922135, 2937)
62 ==> 36 40 52 58 (0.959804, 2937)
36 ==> 62 40 52 58 (0.947725, 2937)
40 ==> 62 36 52 58 (0.926498, 2937)
52 ==> 62 36 40 58 (0.922135, 2937)
58 ==> 62 36 40 52 (0.919249, 2937)
62 ==> 36 40 58 (0.963399, 2948)
36 ==> 62 40 58 (0.951275, 2948)
40 ==> 62 36 58 (0.929968, 2948)
58 ==> 62 36 40 (0.922692, 2948)
62 ==> 36 29 (0.963399, 2948)
36 ==> 62 29 (0.951275, 2948)
29 ==> 62 36 (0.926753, 2948)
62 ==> 36 29 52 (0.959804, 2937)
36 ==> 62 29 52 (0.947725, 2937)
29 ==> 62 36 52 (0.923295, 2937)
52 ==> 62 36 29 (0.922135, 2937)
62 ==> 36 29 52 58 (0.959804, 2937)
36 ==> 62 29 52 58 (0.947725, 2937)
29 ==> 62 36 52 58 (0.923295, 2937)
52 ==> 62 36 29 58 (0.922135, 2937)
58 ==> 62 36 29 52 (0.919249, 2937)
62 ==> 36 29 58 (0.963399, 2948)
36 ==> 62 29 58 (0.951275, 2948)
29 ==> 62 36 58 (0.926753, 2948)
58 ==> 62 36 29 (0.922692, 2948)
62 ==> 36 52 (0.964706, 2952)
36 ==> 62 52 (0.952565, 2952)
52 ==> 62 36 (0.926845, 2952)
62 ==> 36 52 58 (0.964706, 2952)
36 ==> 62 52 58 (0.952565, 2952)
52 ==> 62 36 58 (0.926845, 2952)
58 ==> 62 36 52 (0.923944, 2952)
62 ==> 36 58 (0.968301, 2963)
36 ==> 62 58 (0.956115, 2963)
58 ==> 62 36 (0.927387, 2963)
62 ==> 60 (0.984967, 3014)
60 ==> 62 (0.957129, 3014)
62 ==> 60 40 (0.980065, 2999)
60 ==> 62 40 (0.952366, 2999)
40 ==> 62 60 (0.946057, 2999)
62 ==> 60 40 29 (0.975817, 2986)
60 ==> 62 40 29 (0.948238, 2986)
40 ==> 62 60 29 (0.941956, 2986)
29 ==> 62 60 40 (0.938699, 2986)
62 ==> 60 40 29 52 (0.972222, 2975)
60 ==> 62 40 29 52 (0.944744, 2975)
40 ==> 62 60 29 52 (0.938486, 2975)
29 ==> 62 60 40 52 (0.93524, 2975)
52 ==> 62 60 40 29 (0.934066, 2975)
62 ==> 60 40 29 52 58 (0.972222, 2975)
60 ==> 62 40 29 52 58 (0.944744, 2975)
40 ==> 62 60 29 52 58 (0.938486, 2975)
29 ==> 62 60 40 52 58 (0.93524, 2975)
52 ==> 62 60 40 29 58 (0.934066, 2975)
58 ==> 62 60 40 29 52 (0.931142, 2975)
62 ==> 60 40 29 58 (0.975817, 2986)
60 ==> 62 40 29 58 (0.948238, 2986)
40 ==> 62 60 29 58 (0.941956, 2986)
29 ==> 62 60 40 58 (0.938699, 2986)
58 ==> 62 60 40 29 (0.934585, 2986)
62 ==> 60 40 52 (0.976471, 2988)
60 ==> 62 40 52 (0.948873, 2988)
40 ==> 62 60 52 (0.942587, 2988)
52 ==> 62 60 40 (0.938148, 2988)
62 ==> 60 40 52 58 (0.976471, 2988)
60 ==> 62 40 52 58 (0.948873, 2988)
40 ==> 62 60 52 58 (0.942587, 2988)
52 ==> 62 60 40 58 (0.938148, 2988)
58 ==> 62 60 40 52 (0.935211, 2988)
62 ==> 60 40 58 (0.980065, 2999)
60 ==> 62 40 58 (0.952366, 2999)
40 ==> 62 60 58 (0.946057, 2999)
58 ==> 62 60 40 (0.938654, 2999)
62 ==> 60 29 (0.980719, 3001)
60 ==> 62 29 (0.953001, 3001)
29 ==> 62 60 (0.943414, 3001)
62 ==> 60 29 52 (0.977124, 2990)
60 ==> 62 29 52 (0.949508, 2990)
29 ==> 62 60 52 (0.939956, 2990)
52 ==> 62 60 29 (0.938776, 2990)
62 ==> 60 29 52 58 (0.977124, 2990)
60 ==> 62 29 52 58 (0.949508, 2990)
29 ==> 62 60 52 58 (0.939956, 2990)
52 ==> 62 60 29 58 (0.938776, 2990)
58 ==> 62 60 29 52 (0.935837, 2990)
62 ==> 60 29 58 (0.980719, 3001)
60 ==> 62 29 58 (0.953001, 3001)
29 ==> 62 60 58 (0.943414, 3001)
58 ==> 62 60 29 (0.93928, 3001)
62 ==> 60 52 (0.981373, 3003)
60 ==> 62 52 (0.953636, 3003)
52 ==> 62 60 (0.942857, 3003)
62 ==> 60 52 58 (0.981373, 3003)
60 ==> 62 52 58 (0.953636, 3003)
52 ==> 62 60 58 (0.942857, 3003)
58 ==> 62 60 52 (0.939906, 3003)
62 ==> 60 58 (0.984967, 3014)
60 ==> 62 58 (0.957129, 3014)
58 ==> 62 60 (0.943349, 3014)
62 ==> 40 (0.995098, 3045)
40 ==> 62 (0.960568, 3045)
62 ==> 40 29 (0.990196, 3030)
40 ==> 62 29 (0.955836, 3030)
29 ==> 62 40 (0.952531, 3030)
62 ==> 40 29 52 (0.986601, 3019)
40 ==> 62 29 52 (0.952366, 3019)
29 ==> 62 40 52 (0.949073, 3019)
52 ==> 62 40 29 (0.947881, 3019)
62 ==> 40 29 52 58 (0.986601, 3019)
40 ==> 62 29 52 58 (0.952366, 3019)
29 ==> 62 40 52 58 (0.949073, 3019)
52 ==> 62 40 29 58 (0.947881, 3019)
58 ==> 62 40 29 52 (0.944914, 3019)
62 ==> 40 29 58 (0.990196, 3030)
40 ==> 62 29 58 (0.955836, 3030)
29 ==> 62 40 58 (0.952531, 3030)
58 ==> 62 40 29 (0.948357, 3030)
62 ==> 40 52 (0.991503, 3034)
40 ==> 62 52 (0.957098, 3034)
52 ==> 62 40 (0.95259, 3034)
62 ==> 40 52 58 (0.991503, 3034)
40 ==> 62 52 58 (0.957098, 3034)
52 ==> 62 40 58 (0.95259, 3034)
58 ==> 62 40 52 (0.949609, 3034)
62 ==> 40 58 (0.995098, 3045)
40 ==> 62 58 (0.960568, 3045)
58 ==> 62 40 (0.953052, 3045)
62 ==> 29 (0.995098, 3045)
29 ==> 62 (0.957246, 3045)
62 ==> 29 52 (0.991503, 3034)
29 ==> 62 52 (0.953788, 3034)
52 ==> 62 29 (0.95259, 3034)
62 ==> 29 52 58 (0.991503, 3034)
29 ==> 62 52 58 (0.953788, 3034)
52 ==> 62 29 58 (0.95259, 3034)
58 ==> 62 29 52 (0.949609, 3034)
62 ==> 29 58 (0.995098, 3045)
29 ==> 62 58 (0.957246, 3045)
58 ==> 62 29 (0.953052, 3045)
62 ==> 52 (0.996405, 3049)
52 ==> 62 (0.9573, 3049)
62 ==> 52 58 (0.996405, 3049)
52 ==> 62 58 (0.9573, 3049)
58 ==> 62 52 (0.954304, 3049)
62 ==> 58 (1, 3060)
58 ==> 62 (0.957746, 3060)
7 ==> 36 (0.968466, 2979)
36 ==> 7 (0.961278, 2979)
7 ==> 36 60 (0.953836, 2934)
36 ==> 7 60 (0.946757, 2934)
60 ==> 7 36 (0.931724, 2934)
7 ==> 36 60 40 (0.945709, 2909)
36 ==> 7 60 40 (0.93869, 2909)
60 ==> 7 36 40 (0.923785, 2909)
40 ==> 7 36 60 (0.917666, 2909)
7 ==> 36 60 40 29 (0.943433, 2902)
36 ==> 7 60 40 29 (0.936431, 2902)
60 ==> 7 36 40 29 (0.921562, 2902)
40 ==> 7 36 60 29 (0.915457, 2902)
29 ==> 7 36 60 40 (0.912292, 2902)
7 ==> 36 60 40 29 52 (0.939857, 2891)
36 ==> 7 60 40 29 52 (0.932882, 2891)
60 ==> 7 36 40 29 52 (0.918069, 2891)
40 ==> 7 36 60 29 52 (0.911987, 2891)
29 ==> 7 36 60 40 52 (0.908834, 2891)
52 ==> 7 36 60 40 29 (0.907692, 2891)
7 ==> 36 60 40 29 52 58 (0.939532, 2890)
36 ==> 7 60 40 29 52 58 (0.932559, 2890)
60 ==> 7 36 40 29 52 58 (0.917752, 2890)
40 ==> 7 36 60 29 52 58 (0.911672, 2890)
29 ==> 7 36 60 40 52 58 (0.908519, 2890)
52 ==> 7 36 60 40 29 58 (0.907378, 2890)
58 ==> 7 36 60 40 29 52 (0.904538, 2890)
7 ==> 36 60 40 29 58 (0.943108, 2901)
36 ==> 7 60 40 29 58 (0.936108, 2901)
60 ==> 7 36 40 29 58 (0.921245, 2901)
40 ==> 7 36 60 29 58 (0.915142, 2901)
29 ==> 7 36 60 40 58 (0.911977, 2901)
58 ==> 7 36 60 40 29 (0.907981, 2901)
7 ==> 36 60 40 52 (0.942133, 2898)
36 ==> 7 60 40 52 (0.93514, 2898)
60 ==> 7 36 40 52 (0.920292, 2898)
40 ==> 7 36 60 52 (0.914196, 2898)
52 ==> 7 36 60 40 (0.90989, 2898)
7 ==> 36 60 40 52 58 (0.941808, 2897)
36 ==> 7 60 40 52 58 (0.934818, 2897)
60 ==> 7 36 40 52 58 (0.919975, 2897)
40 ==> 7 36 60 52 58 (0.91388, 2897)
52 ==> 7 36 60 40 58 (0.909576, 2897)
58 ==> 7 36 60 40 52 (0.906729, 2897)
7 ==> 36 60 40 58 (0.945384, 2908)
36 ==> 7 60 40 58 (0.938367, 2908)
60 ==> 7 36 40 58 (0.923468, 2908)
40 ==> 7 36 60 58 (0.91735, 2908)
58 ==> 7 36 60 40 (0.910172, 2908)
7 ==> 36 60 29 (0.95156, 2927)
36 ==> 7 60 29 (0.944498, 2927)
60 ==> 7 36 29 (0.929501, 2927)
29 ==> 7 36 60 (0.920151, 2927)
7 ==> 36 60 29 52 (0.947984, 2916)
36 ==> 7 60 29 52 (0.940949, 2916)
60 ==> 7 36 29 52 (0.926008, 2916)
29 ==> 7 36 60 52 (0.916693, 2916)
52 ==> 7 36 60 29 (0.915542, 2916)
7 ==> 36 60 29 52 58 (0.947659, 2915)
36 ==> 7 60 29 52 58 (0.940626, 2915)
60 ==> 7 36 29 52 58 (0.925691, 2915)
29 ==> 7 36 60 52 58 (0.916378, 2915)
52 ==> 7 36 60 29 58 (0.915228, 2915)
58 ==> 7 36 60 29 52 (0.912363, 2915)
7 ==> 36 60 29 58 (0.951235, 2926)
36 ==> 7 60 29 58 (0.944176, 2926)
60 ==> 7 36 29 58 (0.929184, 2926)
29 ==> 7 36 60 58 (0.919837, 2926)
58 ==> 7 36 60 29 (0.915806, 2926)
7 ==> 36 60 52 (0.95026, 2923)
36 ==> 7 60 52 (0.943207, 2923)
60 ==> 7 36 52 (0.928231, 2923)
52 ==> 7 36 60 (0.917739, 2923)
7 ==> 36 60 52 58 (0.949935, 2922)
36 ==> 7 60 52 58 (0.942885, 2922)
60 ==> 7 36 52 58 (0.927914, 2922)
52 ==> 7 36 60 58 (0.917425, 2922)
58 ==> 7 36 60 52 (0.914554, 2922)
7 ==> 36 60 58 (0.953511, 2933)
36 ==> 7 60 58 (0.946434, 2933)
60 ==> 7 36 58 (0.931407, 2933)
58 ==> 7 36 60 (0.917997, 2933)
7 ==> 36 40 (0.960013, 2953)
36 ==> 7 40 (0.952888, 2953)
40 ==> 7 36 (0.931546, 2953)
7 ==> 36 40 29 (0.957737, 2946)
36 ==> 7 40 29 (0.950629, 2946)
40 ==> 7 36 29 (0.929338, 2946)
29 ==> 7 36 40 (0.926124, 2946)
7 ==> 36 40 29 52 (0.954161, 2935)
36 ==> 7 40 29 52 (0.94708, 2935)
40 ==> 7 36 29 52 (0.925868, 2935)
29 ==> 7 36 40 52 (0.922666, 2935)
52 ==> 7 36 40 29 (0.921507, 2935)
7 ==> 36 40 29 52 58 (0.953836, 2934)
36 ==> 7 40 29 52 58 (0.946757, 2934)
40 ==> 7 36 29 52 58 (0.925552, 2934)
29 ==> 7 36 40 52 58 (0.922351, 2934)
52 ==> 7 36 40 29 58 (0.921193, 2934)
58 ==> 7 36 40 29 52 (0.91831, 2934)
7 ==> 36 40 29 58 (0.957412, 2945)
36 ==> 7 40 29 58 (0.950307, 2945)
40 ==> 7 36 29 58 (0.929022, 2945)
29 ==> 7 36 40 58 (0.925809, 2945)
58 ==> 7 36 40 29 (0.921753, 2945)
7 ==> 36 40 52 (0.956437, 2942)
36 ==> 7 40 52 (0.949338, 2942)
40 ==> 7 36 52 (0.928076, 2942)
52 ==> 7 36 40 (0.923705, 2942)
7 ==> 36 40 52 58 (0.956112, 2941)
36 ==> 7 40 52 58 (0.949016, 2941)
40 ==> 7 36 52 58 (0.92776, 2941)
52 ==> 7 36 40 58 (0.923391, 2941)
58 ==> 7 36 40 52 (0.920501, 2941)
7 ==> 36 40 58 (0.959688, 2952)
36 ==> 7 40 58 (0.952565, 2952)
40 ==> 7 36 58 (0.93123, 2952)
58 ==> 7 36 40 (0.923944, 2952)
7 ==> 36 29 (0.96619, 2972)
36 ==> 7 29 (0.959019, 2972)
29 ==> 7 36 (0.934297, 2972)
7 ==> 36 29 52 (0.962614, 2961)
36 ==> 7 29 52 (0.95547, 2961)
29 ==> 7 36 52 (0.930839, 2961)
52 ==> 7 36 29 (0.92967, 2961)
7 ==> 36 29 52 58 (0.962289, 2960)
36 ==> 7 29 52 58 (0.955147, 2960)
29 ==> 7 36 52 58 (0.930525, 2960)
52 ==> 7 36 29 58 (0.929356, 2960)
58 ==> 7 36 29 52 (0.926448, 2960)
7 ==> 36 29 58 (0.965865, 2971)
36 ==> 7 29 58 (0.958696, 2971)
29 ==> 7 36 58 (0.933983, 2971)
58 ==> 7 36 29 (0.92989, 2971)
7 ==> 36 52 (0.964889, 2968)
36 ==> 7 52 (0.957728, 2968)
52 ==> 7 36 (0.931868, 2968)
7 ==> 36 52 58 (0.964564, 2967)
36 ==> 7 52 58 (0.957406, 2967)
52 ==> 7 36 58 (0.931554, 2967)
58 ==> 7 36 52 (0.928638, 2967)
7 ==> 36 58 (0.96814, 2978)
36 ==> 7 58 (0.960955, 2978)
58 ==> 7 36 (0.932081, 2978)
7 ==> 60 (0.985371, 3031)
60 ==> 7 (0.962528, 3031)
7 ==> 60 40 (0.977243, 3006)
60 ==> 7 40 (0.954589, 3006)
40 ==> 7 60 (0.948265, 3006)
7 ==> 60 40 29 (0.974967, 2999)
60 ==> 7 40 29 (0.952366, 2999)
40 ==> 7 60 29 (0.946057, 2999)
29 ==> 7 60 40 (0.942785, 2999)
7 ==> 60 40 29 52 (0.971391, 2988)
60 ==> 7 40 29 52 (0.948873, 2988)
40 ==> 7 60 29 52 (0.942587, 2988)
29 ==> 7 60 40 52 (0.939327, 2988)
52 ==> 7 60 40 29 (0.938148, 2988)
7 ==> 60 40 29 52 58 (0.971066, 2987)
60 ==> 7 40 29 52 58 (0.948555, 2987)
40 ==> 7 60 29 52 58 (0.942271, 2987)
29 ==> 7 60 40 52 58 (0.939013, 2987)
52 ==> 7 60 40 29 58 (0.937834, 2987)
58 ==> 7 60 40 29 52 (0.934898, 2987)
7 ==> 60 40 29 58 (0.974642, 2998)
60 ==> 7 40 29 58 (0.952048, 2998)
40 ==> 7 60 29 58 (0.945741, 2998)
29 ==> 7 60 40 58 (0.942471, 2998)
58 ==> 7 60 40 29 (0.938341, 2998)
7 ==> 60 40 52 (0.973667, 2995)
60 ==> 7 40 52 (0.951096, 2995)
40 ==> 7 60 52 (0.944795, 2995)
52 ==> 7 60 40 (0.940345, 2995)
7 ==> 60 40 52 58 (0.973342, 2994)
60 ==> 7 40 52 58 (0.950778, 2994)
40 ==> 7 60 52 58 (0.944479, 2994)
52 ==> 7 60 40 58 (0.940031, 2994)
58 ==> 7 60 40 52 (0.937089, 2994)
7 ==> 60 40 58 (0.976918, 3005)
60 ==> 7 40 58 (0.954271, 3005)
40 ==> 7 60 58 (0.94795, 3005)
58 ==> 7 60 40 (0.940532, 3005)
7 ==> 60 29 (0.983095, 3024)
60 ==> 7 29 (0.960305, 3024)
29 ==> 7 60 (0.950644, 3024)
7 ==> 60 29 52 (0.979519, 3013)
60 ==> 7 29 52 (0.956812, 3013)
29 ==> 7 60 52 (0.947186, 3013)
52 ==> 7 60 29 (0.945997, 3013)
7 ==> 60 29 52 58 (0.979194, 3012)
60 ==> 7 29 52 58 (0.956494, 3012)
29 ==> 7 60 52 58 (0.946872, 3012)
52 ==> 7 60 29 58 (0.945683, 3012)
58 ==> 7 60 29 52 (0.942723, 3012)
7 ==> 60 29 58 (0.98277, 3023)
60 ==> 7 29 58 (0.959987, 3023)
29 ==> 7 60 58 (0.95033, 3023)
58 ==> 7 60 29 (0.946166, 3023)
7 ==> 60 52 (0.981795, 3020)
60 ==> 7 52 (0.959035, 3020)
52 ==> 7 60 (0.948195, 3020)
7 ==> 60 52 58 (0.981469, 3019)
60 ==> 7 52 58 (0.958717, 3019)
52 ==> 7 60 58 (0.947881, 3019)
58 ==> 7 60 52 (0.944914, 3019)
7 ==> 60 58 (0.985046, 3030)
60 ==> 7 58 (0.96221, 3030)
58 ==> 7 60 (0.948357, 3030)
7 ==> 40 (0.991547, 3050)
40 ==> 7 (0.962145, 3050)
7 ==> 40 29 (0.989272, 3043)
40 ==> 7 29 (0.959937, 3043)
29 ==> 7 40 (0.956617, 3043)
7 ==> 40 29 52 (0.985696, 3032)
40 ==> 7 29 52 (0.956467, 3032)
29 ==> 7 40 52 (0.953159, 3032)
52 ==> 7 40 29 (0.951962, 3032)
7 ==> 40 29 52 58 (0.985371, 3031)
40 ==> 7 29 52 58 (0.956151, 3031)
29 ==> 7 40 52 58 (0.952845, 3031)
52 ==> 7 40 29 58 (0.951648, 3031)
58 ==> 7 40 29 52 (0.94867, 3031)
7 ==> 40 29 58 (0.988947, 3042)
40 ==> 7 29 58 (0.959621, 3042)
29 ==> 7 40 58 (0.956303, 3042)
58 ==> 7 40 29 (0.952113, 3042)
7 ==> 40 52 (0.987971, 3039)
40 ==> 7 52 (0.958675, 3039)
52 ==> 7 40 (0.95416, 3039)
7 ==> 40 52 58 (0.987646, 3038)
40 ==> 7 52 58 (0.95836, 3038)
52 ==> 7 40 58 (0.953846, 3038)
58 ==> 7 40 52 (0.950861, 3038)
7 ==> 40 58 (0.991222, 3049)
40 ==> 7 58 (0.96183, 3049)
58 ==> 7 40 (0.954304, 3049)
7 ==> 29 (0.997724, 3069)
29 ==> 7 (0.964791, 3069)
7 ==> 29 52 (0.994148, 3058)
29 ==> 7 52 (0.961333, 3058)
52 ==> 7 29 (0.960126, 3058)
7 ==> 29 52 58 (0.993823, 3057)
29 ==> 7 52 58 (0.961019, 3057)
52 ==> 7 29 58 (0.959812, 3057)
58 ==> 7 29 52 (0.956808, 3057)
7 ==> 29 58 (0.997399, 3068)
29 ==> 7 58 (0.964477, 3068)
58 ==> 7 29 (0.96025, 3068)
7 ==> 52 (0.996424, 3065)
52 ==> 7 (0.962323, 3065)
7 ==> 52 58 (0.996099, 3064)
52 ==> 7 58 (0.962009, 3064)
58 ==> 7 52 (0.958998, 3064)
7 ==> 58 (0.999675, 3075)
58 ==> 7 (0.962441, 3075)
36 ==> 60 (0.984834, 3052)
60 ==> 36 (0.969197, 3052)
36 ==> 60 40 (0.976767, 3027)
60 ==> 36 40 (0.961258, 3027)
40 ==> 36 60 (0.95489, 3027)
36 ==> 60 40 29 (0.972572, 3014)
60 ==> 36 40 29 (0.957129, 3014)
40 ==> 36 60 29 (0.950789, 3014)
29 ==> 36 60 40 (0.947501, 3014)
36 ==> 60 40 29 52 (0.969022, 3003)
60 ==> 36 40 29 52 (0.953636, 3003)
40 ==> 36 60 29 52 (0.947319, 3003)
29 ==> 36 60 40 52 (0.944043, 3003)
52 ==> 36 60 40 29 (0.942857, 3003)
36 ==> 60 40 29 52 58 (0.9687, 3002)
60 ==> 36 40 29 52 58 (0.953319, 3002)
40 ==> 36 60 29 52 58 (0.947003, 3002)
29 ==> 36 60 40 52 58 (0.943728, 3002)
52 ==> 36 60 40 29 58 (0.942543, 3002)
58 ==> 36 60 40 29 52 (0.939593, 3002)
36 ==> 60 40 29 58 (0.972249, 3013)
60 ==> 36 40 29 58 (0.956812, 3013)
40 ==> 36 60 29 58 (0.950473, 3013)
29 ==> 36 60 40 58 (0.947186, 3013)
58 ==> 36 60 40 29 (0.943036, 3013)
36 ==> 60 40 52 (0.973217, 3016)
60 ==> 36 40 52 (0.957764, 3016)
40 ==> 36 60 52 (0.95142, 3016)
52 ==> 36 60 40 (0.946939, 3016)
36 ==> 60 40 52 58 (0.972894, 3015)
60 ==> 36 40 52 58 (0.957447, 3015)
40 ==> 36 60 52 58 (0.951104, 3015)
52 ==> 36 60 40 58 (0.946625, 3015)
58 ==> 36 60 40 52 (0.943662, 3015)
36 ==> 60 40 58 (0.976444, 3026)
60 ==> 36 40 58 (0.96094, 3026)
40 ==> 36 60 58 (0.954574, 3026)
58 ==> 36 60 40 (0.947105, 3026)
36 ==> 60 29 (0.980639, 3039)
60 ==> 36 29 (0.965068, 3039)
29 ==> 36 60 (0.95536, 3039)
36 ==> 60 29 52 (0.977089, 3028)
60 ==> 36 29 52 (0.961575, 3028)
29 ==> 36 60 52 (0.951902, 3028)
52 ==> 36 60 29 (0.950706, 3028)
36 ==> 60 29 52 58 (0.976767, 3027)
60 ==> 36 29 52 58 (0.961258, 3027)
29 ==> 36 60 52 58 (0.951588, 3027)
52 ==> 36 60 29 58 (0.950392, 3027)
58 ==> 36 60 29 52 (0.947418, 3027)
36 ==> 60 29 58 (0.980316, 3038)
60 ==> 36 29 58 (0.964751, 3038)
29 ==> 36 60 58 (0.955046, 3038)
58 ==> 36 60 29 (0.950861, 3038)
36 ==> 60 52 (0.981284, 3041)
60 ==> 36 52 (0.965703, 3041)
52 ==> 36 60 (0.954788, 3041)
36 ==> 60 52 58 (0.980962, 3040)
60 ==> 36 52 58 (0.965386, 3040)
52 ==> 36 60 58 (0.954474, 3040)
58 ==> 36 60 52 (0.951487, 3040)
36 ==> 60 58 (0.984511, 3051)
60 ==> 36 58 (0.968879, 3051)
58 ==> 36 60 (0.95493, 3051)
36 ==> 40 (0.99161, 3073)
40 ==> 36 (0.969401, 3073)
36 ==> 40 29 (0.98677, 3058)
40 ==> 36 29 (0.964669, 3058)
29 ==> 36 40 (0.961333, 3058)
36 ==> 40 29 52 (0.98322, 3047)
40 ==> 36 29 52 (0.961199, 3047)
29 ==> 36 40 52 (0.957875, 3047)
52 ==> 36 40 29 (0.956672, 3047)
36 ==> 40 29 52 58 (0.982898, 3046)
40 ==> 36 29 52 58 (0.960883, 3046)
29 ==> 36 40 52 58 (0.957561, 3046)
52 ==> 36 40 29 58 (0.956358, 3046)
58 ==> 36 40 29 52 (0.953365, 3046)
36 ==> 40 29 58 (0.986447, 3057)
40 ==> 36 29 58 (0.964353, 3057)
29 ==> 36 40 58 (0.961019, 3057)
58 ==> 36 40 29 (0.956808, 3057)
36 ==> 40 52 (0.988061, 3062)
40 ==> 36 52 (0.965931, 3062)
52 ==> 36 40 (0.961381, 3062)
36 ==> 40 52 58 (0.987738, 3061)
40 ==> 36 52 58 (0.965615, 3061)
52 ==> 36 40 58 (0.961068, 3061)
58 ==> 36 40 52 (0.958059, 3061)
36 ==> 40 58 (0.991288, 3072)
40 ==> 36 58 (0.969085, 3072)
58 ==> 36 40 (0.961502, 3072)
36 ==> 29 (0.99516, 3084)
29 ==> 36 (0.969506, 3084)
36 ==> 29 52 (0.99161, 3073)
29 ==> 36 52 (0.966048, 3073)
52 ==> 36 29 (0.964835, 3073)
36 ==> 29 52 58 (0.991288, 3072)
29 ==> 36 52 58 (0.965734, 3072)
52 ==> 36 29 58 (0.964521, 3072)
58 ==> 36 29 52 (0.961502, 3072)
36 ==> 29 58 (0.994837, 3083)
29 ==> 36 58 (0.969192, 3083)
58 ==> 36 29 (0.964945, 3083)
36 ==> 52 (0.99645, 3088)
52 ==> 36 (0.969545, 3088)
36 ==> 52 58 (0.996128, 3087)
52 ==> 36 58 (0.969231, 3087)
58 ==> 36 52 (0.966197, 3087)
36 ==> 58 (0.999677, 3098)
58 ==> 36 (0.96964, 3098)
60 ==> 40 (0.992061, 3124)
40 ==> 60 (0.985489, 3124)
60 ==> 40 29 (0.987933, 3111)
40 ==> 60 29 (0.981388, 3111)
29 ==> 60 40 (0.977994, 3111)
60 ==> 40 29 52 (0.98444, 3100)
40 ==> 60 29 52 (0.977918, 3100)
29 ==> 60 40 52 (0.974536, 3100)
52 ==> 60 40 29 (0.973312, 3100)
60 ==> 40 29 52 58 (0.984122, 3099)
40 ==> 60 29 52 58 (0.977603, 3099)
29 ==> 60 40 52 58 (0.974222, 3099)
52 ==> 60 40 29 58 (0.972998, 3099)
58 ==> 60 40 29 52 (0.969953, 3099)
60 ==> 40 29 58 (0.987615, 3110)
40 ==> 60 29 58 (0.981073, 3110)
29 ==> 60 40 58 (0.97768, 3110)
58 ==> 60 40 29 (0.973396, 3110)
60 ==> 40 52 (0.988568, 3113)
40 ==> 60 52 (0.982019, 3113)
52 ==> 60 40 (0.977394, 3113)
60 ==> 40 52 58 (0.98825, 3112)
40 ==> 60 52 58 (0.981703, 3112)
52 ==> 60 40 58 (0.97708, 3112)
58 ==> 60 40 52 (0.974022, 3112)
60 ==> 40 58 (0.991743, 3123)
40 ==> 60 58 (0.985174, 3123)
58 ==> 60 40 (0.977465, 3123)
60 ==> 29 (0.995872, 3136)
29 ==> 60 (0.985854, 3136)
60 ==> 29 52 (0.992379, 3125)
29 ==> 60 52 (0.982395, 3125)
52 ==> 60 29 (0.981162, 3125)
60 ==> 29 52 58 (0.992061, 3124)
29 ==> 60 52 58 (0.982081, 3124)
52 ==> 60 29 58 (0.980848, 3124)
58 ==> 60 29 52 (0.977778, 3124)
60 ==> 29 58 (0.995554, 3135)
29 ==> 60 58 (0.985539, 3135)
58 ==> 60 29 (0.981221, 3135)
60 ==> 52 (0.996507, 3138)
52 ==> 60 (0.985243, 3138)
60 ==> 52 58 (0.996189, 3137)
52 ==> 60 58 (0.984929, 3137)
58 ==> 60 52 (0.981847, 3137)
60 ==> 58 (0.999682, 3148)
58 ==> 60 (0.98529, 3148)
40 ==> 29 (0.995268, 3155)
29 ==> 40 (0.991826, 3155)
40 ==> 29 52 (0.991798, 3144)
29 ==> 40 52 (0.988368, 3144)
52 ==> 40 29 (0.987127, 3144)
40 ==> 29 52 58 (0.991483, 3143)
29 ==> 40 52 58 (0.988054, 3143)
52 ==> 40 29 58 (0.986813, 3143)
58 ==> 40 29 52 (0.983725, 3143)
40 ==> 29 58 (0.994953, 3154)
29 ==> 40 58 (0.991512, 3154)
58 ==> 40 29 (0.987167, 3154)
40 ==> 52 (0.99653, 3159)
52 ==> 40 (0.991837, 3159)
40 ==> 52 58 (0.996215, 3158)
52 ==> 40 58 (0.991523, 3158)
58 ==> 40 52 (0.988419, 3158)
40 ==> 58 (0.999685, 3169)
58 ==> 40 (0.991862, 3169)
29 ==> 52 (0.996542, 3170)
52 ==> 29 (0.99529, 3170)
29 ==> 52 58 (0.996228, 3169)
52 ==> 29 58 (0.994976, 3169)
58 ==> 29 52 (0.991862, 3169)
29 ==> 58 (0.999686, 3180)
58 ==> 29 (0.995305, 3180)
52 ==> 58 (0.999686, 3184)
58 ==> 52 (0.996557, 3184)